5.69288 	0 	0 	0 	0 	0 	0 	0 	0 	0 	0 	0 	
11.3858 	0 	0 	0 	0 	0 	0 	0 	0 	0 	0 	0 	
17.0786 	0 	0 	0 	0 	0 	0 	0 	0 	0 	0 	0 	
22.7715 	0 	0 	0 	0 	0 	0 	0 	0 	0 	0 	0 	
28.4644 	0 	0 	0 	0 	0 	0 	0 	0 	0 	0 	0 	
34.1573 	0 	0 	0 	0 	0 	0 	0 	0 	0 	0 	0 	
39.8501 	0 	0 	0 	0 	0 	0 	0 	0 	0 	0 	0 	
45.543 	0 	0 	0 	0 	0 	0 	0 	0 	0 	0 	0 	
51.2359 	0 	0 	0 	0 	0 	0 	0 	0 	0 	0 	0 	
56.9288 	0 	0 	0 	0 	0 	0 	0 	0 	0 	0 	0 	
62.6217 	0 	0 	0 	0 	0 	0 	0 	0 	0 	0 	0 	
68.3145 	0 	0 	0 	0 	0 	0 	0 	0 	0 	0 	0 	
74.0074 	0 	0 	0 	0 	0 	0 	0 	0 	0 	0 	0 	
79.7003 	0 	0 	0 	0 	0 	0 	0 	0 	0 	0 	0 	
85.3932 	0 	0 	0 	0 	0 	0 	0 	0 	0 	0 	0 	
91.086 	0 	0 	0 	0 	0 	0 	0 	0 	0 	0 	0 	
96.7789 	0 	0 	0 	0 	0 	0 	0 	0 	0 	0 	0 	
102.472 	0 	0 	0 	0 	0 	0 	0 	0 	0 	0 	0 	
108.165 	0 	0 	0 	0 	0 	0 	0 	0 	0 	0 	0 	
113.858 	0 	0 	0 	0 	0 	0 	0 	0 	0 	0 	0 	
119.55 	0 	0 	0 	0 	0 	0 	0 	0 	0 	0 	0 	
125.243 	0 	0 	0 	0 	0 	0 	0 	0 	0 	0 	0 	
130.936 	0 	0 	0 	0 	0 	0 	0 	0 	0 	0 	0 	
136.629 	0 	0 	0 	0 	0 	0 	0 	0 	0 	0 	0 	
142.322 	0 	0 	0 	0 	0 	0 	0 	0 	0 	0 	0 	
148.015 	0 	0 	0 	0 	0 	0 	0 	0 	0 	0 	0 	
153.708 	0 	0 	0 	0 	0 	0 	0 	0 	0 	0 	0 	
159.401 	0 	0 	0 	0 	0 	0 	0 	0 	0 	0 	0 	
165.093 	0 	0 	0 	0 	0 	0 	0 	0 	0 	0 	0 	
170.786 	0 	0 	0 	0 	0 	0 	0 	0 	0 	0 	0 	
176.479 	0 	0 	0 	0 	0 	0 	0 	0 	0 	0 	0 	
182.172 	0 	0 	0 	0 	0 	0 	0 	0 	0 	0 	0 	
187.865 	0 	0 	0 	0 	0 	0 	0 	0 	0 	0 	0 	
193.558 	0 	0 	0 	0 	0 	0 	0 	0 	0 	0 	0 	
199.251 	0 	0 	0 	0 	0 	0 	0 	0 	0 	0 	0 	
204.944 	0 	0 	0 	0 	0 	0 	0 	0 	0 	0 	0 	
210.636 	0 	0 	0 	0 	0 	0 	0 	0 	0 	0 	0 	
216.329 	0 	0 	0 	0 	0 	0 	0 	0 	0 	0 	0 	
222.022 	0 	0 	0 	0 	0 	0 	0 	0 	0 	0 	0 	
227.715 	0 	0 	0 	0 	0 	0 	0 	0 	0 	0 	0 	
233.408 	0 	0 	0 	0 	0 	0 	0 	0 	0 	0 	0 	
239.101 	0 	0 	0 	0 	0 	0 	0 	0 	0 	0 	0 	
244.794 	0 	0 	0 	0 	0 	0 	0 	0 	0 	0 	0 	
250.487 	0 	0 	0 	0 	0 	0 	0 	0 	0 	0 	0 	
256.18 	0 	0 	0 	0 	0 	0 	0 	0 	0 	0 	0 	
261.872 	0 	0 	0 	0 	0 	0 	0 	0 	0 	0 	0 	
267.565 	0 	0 	0 	0 	0 	0 	0 	0 	0 	0 	0 	
273.258 	0 	0 	0 	0 	0 	0 	0 	0 	0 	0 	0 	
278.951 	0 	0 	0 	0 	0 	0 	0 	0 	0 	0 	0 	
284.644 	0 	0 	0 	0 	0 	0 	0 	0 	0 	0 	0 	
290.337 	0 	0 	0 	0 	0 	0 	0 	0 	0 	0 	0 	
296.03 	0 	0 	0 	0 	0 	0 	0 	0 	0 	0 	0 	
301.723 	0 	0 	0 	0 	0 	0 	0 	0 	0 	0 	0 	
307.415 	0 	0 	0 	0 	0 	0 	0 	0 	0 	0 	0 	
313.108 	0 	0 	0 	0 	0 	0 	0 	0 	0 	0 	0 	
318.801 	0 	0 	0 	0 	0 	0 	0 	0 	0 	0 	0 	
324.494 	0 	0 	0 	0 	0 	0 	0 	0 	0 	0 	0 	
330.187 	0 	0 	0 	0 	0 	0 	0 	0 	0 	0 	0 	
335.88 	0 	0 	0 	0 	0 	0 	0 	0 	0 	0 	0 	
341.573 	0 	0 	0 	0 	0 	0 	0 	0 	0 	0 	0 	
347.266 	0 	0 	0 	0 	0 	0 	0 	0 	0 	0 	0 	
352.958 	0 	0 	0 	0 	0 	0 	0 	0 	0 	0 	0 	
358.651 	0 	0 	0 	0 	0 	0 	0 	0 	0 	0 	0 	
364.344 	0 	0 	0 	0 	0 	0 	0 	0 	0 	0 	0 	
370.037 	0 	0 	0 	0 	0 	0 	0 	0 	0 	0 	0 	
375.73 	0 	0 	0 	0 	0 	0 	0 	0 	0 	0 	0 	
381.423 	0 	0 	0 	0 	0 	0 	0 	0 	0 	0 	0 	
387.116 	0 	0 	0 	0 	0 	0 	0 	0 	0 	0 	0 	
392.809 	0 	0 	0 	0 	0 	0 	0 	0 	0 	0 	0 	
398.501 	0 	0 	0 	0 	0 	0 	0 	0 	0 	0 	0 	
404.194 	0 	0 	0 	0 	0 	0 	0 	0 	0 	0 	0 	
409.887 	0 	0 	0 	0 	0 	0 	0 	0 	0 	0 	0 	
415.58 	0 	0 	0 	0 	0 	0 	0 	0 	0 	0 	0 	
421.273 	0 	0 	0 	0 	0 	0 	0 	0 	0 	0 	0 	
426.966 	0 	0 	0 	0 	0 	0 	0 	0 	0 	0 	0 	
432.659 	0 	0 	0 	0 	0 	0 	0 	0 	0 	0 	0 	
438.352 	0 	0 	0 	0 	0 	0 	0 	0 	0 	0 	0 	
444.044 	0 	0 	0 	0 	0 	0 	0 	0 	0 	0 	0 	
449.737 	0 	0 	0 	0 	0 	0 	0 	0 	0 	0 	0 	
455.43 	0 	0 	0 	0 	0 	0 	0 	0 	0 	0 	0 	
461.123 	0 	0 	0 	0 	0 	0 	0 	0 	0 	0 	0 	
466.816 	0 	0 	0 	0 	0 	0 	0 	0 	0 	0 	0 	
472.509 	0 	0 	0 	0 	0 	0 	0 	0 	0 	0 	0 	
478.202 	0 	0 	0 	0 	0 	0 	0 	0 	0 	0 	0 	
483.895 	0 	0 	0 	0 	0 	0 	0 	0 	0 	0 	0 	
489.587 	0 	0 	0 	0 	0 	0 	0 	0 	0 	0 	0 	
495.28 	0 	0 	0 	0 	0 	0 	0 	0 	0 	0 	0 	
500.973 	0 	0 	0 	0 	0 	0 	0 	0 	0 	0 	0 	
506.666 	0 	0 	0 	0 	0 	0 	0 	0 	0 	0 	0 	
512.359 	0 	0 	0 	0 	0 	0 	0 	0 	0 	0 	0 	
518.052 	0 	0 	0 	0 	0 	0 	0 	0 	0 	0 	0 	
523.745 	0 	0 	0 	0 	0 	0 	0 	0 	0 	0 	0 	
529.438 	0 	0 	0 	0 	0 	0 	0 	0 	0 	0 	0 	
535.131 	0 	0 	0 	0 	0 	0 	0 	0 	0 	0 	0 	
540.823 	0 	0 	0 	0 	0 	0 	0 	0 	0 	0 	0 	
546.516 	0 	0 	0 	0 	0 	0 	0 	0 	0 	0 	0 	
552.209 	0 	0 	0 	0 	0 	0 	0 	0 	0 	0 	0 	
557.902 	0 	0 	0 	0 	0 	0 	0 	0 	0 	0 	0 	
563.595 	0 	0 	0 	0 	0 	0 	0 	0 	0 	0 	0 	
569.288 	0 	0 	0 	0 	0 	0 	0 	0 	0 	0 	0 	
574.981 	0 	0 	0 	0 	0 	0 	0 	0 	0 	0 	0 	
580.674 	0 	0 	0 	0 	0 	0 	0 	0 	0 	0 	0 	
586.366 	0 	0 	0 	0 	0 	0 	0 	0 	0 	0 	0 	
592.059 	0 	0 	0 	0 	0 	0 	0 	0 	0 	0 	0 	
597.752 	0 	0 	0 	0 	0 	0 	0 	0 	0 	0 	0 	
603.445 	0 	0 	0 	0 	0 	0 	0 	0 	0 	0 	0 	
609.138 	0 	0 	0 	0 	0 	0 	0 	0 	0 	0 	0 	
614.831 	0 	0 	0 	0 	0 	0 	0 	0 	0 	0 	0 	
620.524 	0 	0 	0 	0 	0 	0 	0 	0 	0 	0 	0 	
626.217 	0 	0 	0 	0 	0 	0 	0 	0 	0 	0 	0 	
631.909 	0 	0 	0 	0 	0 	0 	0 	0 	0 	0 	0 	
637.602 	0 	0 	0 	0 	0 	0 	0 	0 	0 	0 	0 	
643.295 	0 	0 	0 	0 	0 	0 	0 	0 	0 	0 	0 	
648.988 	0 	0 	0 	0 	0 	0 	0 	0 	0 	0 	0 	
654.681 	0 	0 	0 	0 	0 	0 	0 	0 	0 	0 	0 	
660.374 	0 	0 	0 	0 	0 	0 	0 	0 	0 	0 	0 	
666.067 	0 	0 	0 	0 	0 	0 	0 	0 	0 	0 	0 	
671.76 	0 	0 	0 	0 	0 	0 	0 	0 	0 	0 	0 	
677.452 	0 	0 	0 	0 	0 	0 	0 	0 	0 	0 	0 	
683.145 	0 	0 	0 	0 	0 	0 	0 	0 	0 	0 	0 	
688.838 	0 	0 	0 	0 	0 	0 	0 	0 	0 	0 	0 	
694.531 	0 	0 	0 	0 	0 	0 	0 	0 	0 	0 	0 	
700.224 	0 	0 	0 	0 	0 	0 	0 	0 	0 	0 	0 	
705.917 	0 	0 	0 	0 	0 	0 	0 	0 	0 	0 	0 	
711.61 	0 	0 	0 	0 	0 	0 	0 	0 	0 	0 	0 	
717.303 	0 	0 	0 	0 	0 	0 	0 	0 	0 	0 	0 	
722.995 	0 	0 	0 	0 	0 	0 	0 	0 	0 	0 	0 	
728.688 	0 	0 	0 	0 	0 	0 	0 	0 	0 	0 	0 	
734.381 	0 	0 	0 	0 	0 	0 	0 	0 	0 	0 	0 	
740.074 	0 	0 	0 	0 	0 	0 	0 	0 	0 	0 	0 	
745.767 	0 	0 	0 	0 	0 	0 	0 	0 	0 	0 	0 	
751.46 	0 	0 	0 	0 	0 	0 	0 	0 	0 	0 	0 	
757.153 	0 	0 	0 	0 	0 	0 	0 	0 	0 	0 	0 	
762.846 	0 	0 	0 	0 	0 	0 	0 	0 	0 	0 	0 	
768.539 	0 	0 	0 	0 	0 	0 	0 	0 	0 	0 	0 	
774.231 	0 	0 	0 	0 	0 	0 	0 	0 	0 	0 	0 	
779.924 	0 	0 	0 	0 	0 	0 	0 	0 	0 	0 	0 	
785.617 	0 	0 	0 	0 	0 	0 	0 	0 	0 	0 	0 	
791.31 	0 	0 	0 	0 	0 	0 	0 	0 	0 	0 	0 	
797.003 	0 	0 	0 	0 	0 	0 	0 	0 	0 	0 	0 	
802.696 	0 	0 	0 	0 	0 	0 	0 	0 	0 	0 	0 	
808.389 	0 	0 	0 	0 	0 	0 	0 	0 	0 	0 	0 	
814.082 	0 	0 	0 	0 	0 	0 	0 	0 	0 	0 	0 	
819.774 	0 	0 	0 	0 	0 	0 	0 	0 	0 	0 	0 	
825.467 	0 	0 	0 	0 	0 	0 	0 	0 	0 	0 	0 	
831.16 	0 	0 	0 	0 	0 	0 	0 	0 	0 	0 	0 	
836.853 	0 	0 	0 	0 	0 	0 	0 	0 	0 	0 	0 	
842.546 	0 	0 	0 	0 	0 	0 	0 	0 	0 	0 	0 	
848.239 	0 	0 	0 	0 	0 	0 	0 	0 	0 	0 	0 	
853.932 	0 	0 	0 	0 	0 	0 	0 	0 	0 	0 	0 	
859.625 	0 	0 	0 	0 	0 	0 	0 	0 	0 	0 	0 	
865.317 	0 	0 	0 	0 	0 	0 	0 	0 	0 	0 	0 	
871.01 	0 	0 	0 	0 	0 	0 	0 	0 	0 	0 	0 	
876.703 	0 	0 	0 	0 	0 	0 	0 	0 	0 	0 	0 	
882.396 	0 	0 	0 	0 	0 	0 	0 	0 	0 	0 	0 	
888.089 	0 	0 	0 	0 	0 	0 	0 	0 	0 	0 	0 	
893.782 	0 	0 	0 	0 	0 	0 	0 	0 	0 	0 	0 	
899.475 	0 	0 	0 	0 	0 	0 	0 	0 	0 	0 	0 	
905.168 	0 	0 	0 	0 	0 	0 	0 	0 	0 	0 	0 	
910.86 	0 	0 	0 	0 	0 	0 	0 	0 	0 	0 	0 	
916.553 	0 	0 	0 	0 	0 	0 	0 	0 	0 	0 	0 	
922.246 	0 	0 	0 	0 	0 	0 	0 	0 	0 	0 	0 	
927.939 	0 	0 	0 	0 	0 	0 	0 	0 	0 	0 	0 	
933.632 	0 	0 	0 	0 	0 	0 	0 	0 	0 	0 	0 	
939.325 	0 	0 	0 	0 	0 	0 	0 	0 	0 	0 	0 	
945.018 	0 	0 	0 	0 	0 	0 	0 	0 	0 	0 	0 	
950.711 	0 	0 	0 	0 	0 	0 	0 	0 	0 	0 	0 	
956.403 	0 	0 	0 	0 	0 	0 	0 	0 	0 	0 	0 	
962.096 	0 	0 	0 	0 	0 	0 	0 	0 	0 	0 	0 	
967.789 	0 	0 	0 	0 	0 	0 	0 	0 	0 	0 	0 	
973.482 	0 	0 	0 	0 	0 	0 	0 	0 	0 	0 	0 	
979.175 	0 	0 	0 	0 	0 	0 	0 	0 	0 	0 	0 	
984.868 	0 	0 	0 	0 	0 	0 	0 	0 	0 	0 	0 	
990.561 	0 	0 	0 	0 	0 	0 	0 	0 	0 	0 	0 	
996.254 	0 	0 	0 	0 	0 	0 	0 	0 	0 	0 	0 	
1001.95 	0 	0 	0 	0 	0 	0 	0 	0 	0 	0 	0 	
1007.64 	0 	0 	0 	0 	0 	0 	0 	0 	0 	0 	0 	
1013.33 	0 	0 	0 	0 	0 	0 	0 	0 	0 	0 	0 	
1019.03 	0 	0 	0 	0 	0 	0 	0 	0 	0 	0 	0 	
1024.72 	0 	0 	0 	0 	0 	0 	0 	0 	0 	0 	0 	
1030.41 	0 	0 	0 	0 	0 	0 	0 	0 	0 	0 	0 	
1036.1 	0 	0 	0 	0 	0 	0 	0 	0 	0 	0 	0 	
1041.8 	0 	0 	0 	0 	0 	0 	0 	0 	0 	0 	0 	
1047.49 	0 	0 	0 	0 	0 	0 	0 	0 	0 	0 	0 	
1053.18 	0 	0 	0 	0 	0 	0 	0 	0 	0 	0 	0 	
1058.88 	0 	0 	0 	0 	0 	0 	0 	0 	0 	0 	0 	
1064.57 	0 	0 	0 	0 	0 	0 	0 	0 	0 	0 	0 	
1070.26 	0 	0 	0 	0 	0 	0 	0 	0 	0 	0 	0 	
1075.95 	0 	0 	0 	0 	0 	0 	0 	0 	0 	0 	0 	
1081.65 	0 	0 	0 	0 	0 	0 	0 	0 	0 	0 	0 	
1087.34 	0 	0 	0 	0 	0 	0 	0 	0 	0 	0 	0 	
1093.03 	0 	0 	0 	0 	0 	0 	0 	0 	0 	0 	0 	
1098.73 	0 	0 	0 	0 	0 	0 	0 	0 	0 	0 	0 	
1104.42 	0 	0 	0 	0 	0 	0 	0 	0 	0 	0 	0 	
1110.11 	0 	0 	0 	0 	0 	0 	0 	0 	0 	0 	0 	
1115.8 	0 	0 	0 	0 	0 	0 	0 	0 	0 	0 	0 	
1121.5 	0 	0 	0 	0 	0 	0 	0 	0 	0 	0 	0 	
1127.19 	0 	0 	0 	0 	0 	0 	0 	0 	0 	0 	0 	
1132.88 	0 	0 	0 	0 	0 	0 	0 	0 	0 	0 	0 	
1138.58 	0 	0 	0 	0 	0 	0 	0 	0 	0 	0 	0 	
3.811 	298.467 	119.387 	400000 	-142253 	0.00086802 	0 	0 	0 	0 	0 	0 	
7.622 	298.415 	119.366 	400000 	-142224 	0.00086802 	0 	0 	0 	0 	0 	0 	
11.433 	298.33 	119.332 	400000 	-142176 	0.00086802 	0 	0 	0 	0 	0 	0 	
15.244 	298.211 	119.284 	400000 	-142109 	0.00086802 	0 	0 	0 	0 	0 	0 	
19.055 	298.057 	119.223 	400000 	-142023 	0.00086802 	0 	0 	0 	0 	0 	0 	
22.866 	297.869 	119.148 	400000 	-141918 	0.00086802 	0 	0 	0 	0 	0 	0 	
26.677 	297.648 	119.059 	400000 	-141794 	0.00086802 	0 	0 	0 	0 	0 	0 	
30.488 	297.392 	118.957 	400000 	-141650 	0.00086802 	0 	0 	0 	0 	0 	0 	
34.299 	297.102 	118.841 	400000 	-141488 	0.00086802 	0 	0 	0 	0 	0 	0 	
38.11 	296.777 	118.711 	400000 	-141306 	0.00086802 	0 	0 	0 	0 	0 	0 	
41.921 	296.419 	118.568 	400000 	-141105 	0.00086802 	0 	0 	0 	0 	0 	0 	
45.732 	296.027 	118.411 	400000 	-140885 	0.00086802 	0 	0 	0 	0 	0 	0 	
49.543 	295.6 	118.24 	400000 	-140646 	0.00086802 	0 	0 	0 	0 	0 	0 	
53.354 	295.139 	118.056 	400000 	-140388 	0.00086802 	0 	0 	0 	0 	0 	0 	
57.165 	294.645 	117.858 	400000 	-140110 	0.00086802 	0 	0 	0 	0 	0 	0 	
60.976 	294.116 	117.646 	400000 	-139814 	0.00086802 	0 	0 	0 	0 	0 	0 	
64.787 	293.552 	117.421 	400000 	-139498 	0.00086802 	0 	0 	0 	0 	0 	0 	
68.598 	292.955 	117.182 	400000 	-139164 	0.00086802 	0 	0 	0 	0 	0 	0 	
72.409 	292.324 	116.93 	400000 	-138810 	0.00086802 	0 	0 	0 	0 	0 	0 	
76.22 	291.658 	116.663 	400000 	-138437 	0.00086802 	0 	0 	0 	0 	0 	0 	
80.031 	290.959 	116.384 	400000 	-138045 	0.00086802 	0 	0 	0 	0 	0 	0 	
83.842 	290.225 	116.09 	400000 	-137633 	0.00086802 	0 	0 	0 	0 	0 	0 	
87.653 	289.457 	115.783 	400000 	-137203 	0.00086802 	0 	0 	0 	0 	0 	0 	
91.464 	288.655 	115.462 	400000 	-136753 	0.00086802 	0 	0 	0 	0 	0 	0 	
95.275 	287.819 	115.128 	400000 	-136285 	0.00086802 	0 	0 	0 	0 	0 	0 	
99.086 	286.949 	114.78 	400000 	-135797 	0.00086802 	0 	0 	0 	0 	0 	0 	
102.897 	286.045 	114.418 	400000 	-135290 	0.00086802 	0 	0 	0 	0 	0 	0 	
106.708 	285.106 	114.042 	400000 	-134764 	0.00086802 	0 	0 	0 	0 	0 	0 	
110.519 	284.134 	113.653 	400000 	-134219 	0.00086802 	0 	0 	0 	0 	0 	0 	
114.33 	283.127 	113.251 	400000 	-133655 	0.00086802 	0 	0 	0 	0 	0 	0 	
118.141 	282.086 	112.834 	400000 	-133071 	0.00086802 	0 	0 	0 	0 	0 	0 	
121.952 	281.011 	112.404 	400000 	-132469 	0.00086802 	0 	0 	0 	0 	0 	0 	
125.763 	279.902 	111.961 	400000 	-131847 	0.00086802 	0 	0 	0 	0 	0 	0 	
129.574 	278.759 	111.504 	400000 	-131206 	0.00086802 	0 	0 	0 	0 	0 	0 	
133.385 	277.581 	111.033 	400000 	-130547 	0.00086802 	0 	0 	0 	0 	0 	0 	
137.196 	276.37 	110.548 	400000 	-129867 	0.00086802 	0 	0 	0 	0 	0 	0 	
141.007 	275.124 	110.05 	400000 	-129169 	0.00086802 	0 	0 	0 	0 	0 	0 	
144.818 	273.845 	109.538 	400000 	-128452 	0.00086802 	0 	0 	0 	0 	0 	0 	
148.629 	272.531 	109.012 	400000 	-127716 	0.00086802 	0 	0 	0 	0 	0 	0 	
152.44 	271.183 	108.473 	400000 	-126960 	0.00086802 	0 	0 	0 	0 	0 	0 	
156.251 	269.801 	107.92 	400000 	-126185 	0.00086802 	0 	0 	0 	0 	0 	0 	
160.062 	268.384 	107.354 	400000 	-125392 	0.00086802 	0 	0 	0 	0 	0 	0 	
163.873 	266.934 	106.774 	400000 	-124579 	0.00086802 	0 	0 	0 	0 	0 	0 	
167.684 	265.45 	106.18 	400000 	-123747 	0.00086802 	0 	0 	0 	0 	0 	0 	
171.495 	263.931 	105.572 	400000 	-122895 	0.00086802 	0 	0 	0 	0 	0 	0 	
175.306 	262.378 	104.951 	400000 	-122025 	0.00086802 	0 	0 	0 	0 	0 	0 	
179.117 	260.791 	104.317 	400000 	-121136 	0.00086802 	0 	0 	0 	0 	0 	0 	
182.928 	259.17 	103.668 	400000 	-120227 	0.00086802 	0 	0 	0 	0 	0 	0 	
186.739 	257.515 	103.006 	400000 	-119299 	0.00086802 	0 	0 	0 	0 	0 	0 	
190.55 	255.826 	102.33 	400000 	-118353 	0.00086802 	0 	0 	0 	0 	0 	0 	
194.361 	254.103 	101.641 	400000 	-117387 	0.00086802 	0 	0 	0 	0 	0 	0 	
198.172 	252.345 	100.938 	400000 	-116402 	0.00086802 	0 	0 	0 	0 	0 	0 	
201.983 	250.553 	100.221 	400000 	-115397 	0.00086802 	0 	0 	0 	0 	0 	0 	
205.794 	248.728 	99.4911 	400000 	-114374 	0.00086802 	0 	0 	0 	0 	0 	0 	
209.605 	246.868 	98.7471 	400000 	-113332 	0.00086802 	0 	0 	0 	0 	0 	0 	
213.416 	244.974 	97.9895 	400000 	-112270 	0.000868228 	0 	0 	0 	0 	0 	0 	
217.227 	243.046 	97.2183 	400000 	-111189 	0.000868397 	0 	0 	0 	0 	0 	0 	
221.038 	241.083 	96.4334 	400000 	-110089 	0.000868525 	0 	0 	0 	0 	0 	0 	
224.849 	239.087 	95.6348 	400000 	-108970 	0.000868525 	0 	0 	0 	0 	0 	0 	
228.66 	237.056 	94.8226 	400000 	-107832 	0.000868613 	0 	0 	0 	0 	0 	0 	
232.471 	234.992 	93.9967 	400000 	-106675 	0.000868661 	0 	0 	0 	0 	0 	0 	
236.282 	232.893 	93.1572 	400000 	-105499 	0.000868665 	0 	0 	0 	0 	0 	0 	
240.093 	230.76 	92.3041 	400000 	-104303 	0.000868624 	0 	0 	0 	0 	0 	0 	
243.904 	228.593 	91.4373 	400000 	-103089 	0.000868539 	0 	0 	0 	0 	0 	0 	
247.715 	226.392 	90.5568 	400000 	-101855 	0.000868539 	0 	0 	0 	0 	0 	0 	
251.526 	224.157 	89.6627 	400000 	-100602 	0.000868405 	0 	0 	0 	0 	0 	0 	
255.337 	221.887 	88.755 	400000 	-99330.1 	0.000868226 	0 	0 	0 	0 	0 	0 	
259.148 	219.584 	87.8335 	400000 	-98039 	0.000867998 	0 	0 	0 	0 	0 	0 	
262.959 	217.246 	86.8985 	400000 	-96728.7 	0.000867719 	0 	0 	0 	0 	0 	0 	
266.77 	214.874 	85.9498 	400000 	-95399.3 	0.00086739 	0 	0 	0 	0 	0 	0 	
270.581 	212.469 	84.9874 	400000 	-94050.8 	0.000867007 	0 	0 	0 	0 	0 	0 	
274.392 	210.029 	84.0114 	400000 	-92683.2 	0.000866572 	0 	0 	0 	0 	0 	0 	
278.203 	207.554 	83.0217 	400000 	-91296.4 	0.000866083 	0 	0 	0 	0 	0 	0 	
282.014 	205.046 	82.0184 	400000 	-89890.5 	0.00086554 	0 	0 	0 	0 	0 	0 	
285.825 	202.504 	81.0015 	400000 	-88465.5 	0.000864938 	0 	0 	0 	0 	0 	0 	
289.636 	199.927 	79.9709 	400000 	-87021.4 	0.00086428 	0 	0 	0 	0 	0 	0 	
293.447 	197.316 	78.9266 	400000 	-85558.1 	0.000863564 	0 	0 	0 	0 	0 	0 	
297.258 	194.672 	77.8687 	400000 	-84075.7 	0.00086279 	0 	0 	0 	0 	0 	0 	
301.069 	191.993 	76.7971 	400000 	-82574.2 	0.000861954 	0 	0 	0 	0 	0 	0 	
304.88 	189.28 	75.7119 	400000 	-81053.5 	0.000861059 	0 	0 	0 	0 	0 	0 	
308.691 	186.533 	74.613 	400000 	-79513.8 	0.0008601 	0 	0 	0 	0 	0 	0 	
312.502 	183.751 	73.5005 	400000 	-77954.8 	0.000857997 	0 	0 	0 	0 	0 	0 	
316.313 	180.936 	72.3744 	400000 	-76376.8 	0.000856851 	0 	0 	0 	0 	0 	0 	
320.124 	178.086 	71.2345 	400000 	-74779.6 	0.000855639 	0 	0 	0 	0 	0 	0 	
323.935 	175.203 	70.0811 	400000 	-73163.4 	0.000854363 	0 	0 	0 	0 	0 	0 	
327.746 	172.285 	68.914 	400000 	-71527.9 	0.000853021 	0 	0 	0 	0 	0 	0 	
331.557 	169.333 	67.7332 	400000 	-69873.4 	0.000851613 	0 	0 	0 	0 	0 	0 	
335.368 	166.347 	66.5388 	400000 	-68199.7 	0.000850138 	0 	0 	0 	0 	0 	0 	
339.179 	163.327 	65.3307 	400000 	-66506.9 	0.000846986 	0 	0 	0 	0 	0 	0 	
342.99 	160.272 	64.109 	400000 	-64795 	0.000845307 	0 	0 	0 	0 	0 	0 	
346.801 	157.184 	62.8736 	400000 	-63063.9 	0.000843562 	0 	0 	0 	0 	0 	0 	
350.612 	154.062 	61.6246 	400000 	-61313.7 	0.000841749 	0 	0 	0 	0 	0 	0 	
354.423 	150.905 	60.3619 	400000 	-59544.4 	0.000837914 	0 	0 	0 	0 	0 	0 	
358.234 	147.714 	59.0856 	400000 	-57756 	0.000835894 	0 	0 	0 	0 	0 	0 	
362.045 	144.489 	57.7956 	400000 	-55948.4 	0.000833806 	0 	0 	0 	0 	0 	0 	
365.856 	141.23 	56.492 	400000 	-54121.7 	0.000829422 	0 	0 	0 	0 	0 	0 	
369.667 	137.937 	55.1747 	400000 	-52275.9 	0.000827127 	0 	0 	0 	0 	0 	0 	
373.478 	134.61 	53.8438 	400000 	-50410.9 	0.000824763 	0 	0 	0 	0 	0 	0 	
377.289 	131.248 	52.4992 	400000 	-48526.8 	0.000819834 	0 	0 	0 	0 	0 	0 	
381.1 	127.853 	51.141 	400000 	-46623.6 	0.000817267 	0 	0 	0 	0 	0 	0 	
384.911 	124.423 	49.7691 	400000 	-44701.3 	0.000814633 	0 	0 	0 	0 	0 	0 	
388.722 	120.959 	48.3836 	400000 	-42759.8 	0.000809168 	0 	0 	0 	0 	0 	0 	
392.533 	117.461 	46.9844 	400000 	-40799.2 	0.000806334 	0 	0 	0 	0 	0 	0 	
396.344 	113.929 	45.5716 	400000 	-38819.5 	0.000803439 	0 	0 	0 	0 	0 	0 	
400.155 	110.363 	44.1451 	400000 	-36820.7 	0.000797455 	0 	0 	0 	0 	0 	0 	
403.966 	106.763 	42.705 	400000 	-34802.7 	0.000794369 	0 	0 	0 	0 	0 	0 	
407.777 	103.128 	41.2512 	400000 	-50351.1 	0.000788011 	0 	0 	0 	0 	0 	0 	
411.588 	99.4595 	39.7838 	400000 	-47832.7 	0.000784741 	0 	0 	0 	0 	0 	0 	
415.399 	95.7568 	38.3027 	400000 	-101562 	0 	0 	0 	0 	0 	0 	0 	
419.21 	0 	0 	0 	0 	0 	0 	0 	0 	0 	0 	0 	
423.021 	0 	0 	0 	0 	0 	0 	0 	0 	0 	0 	0 	
426.832 	0 	0 	0 	0 	0 	0 	0 	0 	0 	0 	0 	
430.643 	0 	0 	0 	0 	0 	0 	0 	0 	0 	0 	0 	
434.454 	0 	0 	0 	0 	0 	0 	0 	0 	0 	0 	0 	
438.265 	0 	0 	0 	0 	0 	0 	0 	0 	0 	0 	0 	
442.076 	0 	0 	0 	0 	0 	0 	0 	0 	0 	0 	0 	
445.887 	0 	0 	0 	0 	0 	0 	0 	0 	0 	0 	0 	
449.698 	0 	0 	0 	0 	0 	0 	0 	0 	0 	0 	0 	
453.509 	0 	0 	0 	0 	0 	0 	0 	0 	0 	0 	0 	
457.32 	0 	0 	0 	0 	0 	0 	0 	0 	0 	0 	0 	
461.131 	0 	0 	0 	0 	0 	0 	0 	0 	0 	0 	0 	
464.942 	0 	0 	0 	0 	0 	0 	0 	0 	0 	0 	0 	
468.753 	0 	0 	0 	0 	0 	0 	0 	0 	0 	0 	0 	
472.564 	0 	0 	0 	0 	0 	0 	0 	0 	0 	0 	0 	
476.375 	0 	0 	0 	0 	0 	0 	0 	0 	0 	0 	0 	
480.186 	0 	0 	0 	0 	0 	0 	0 	0 	0 	0 	0 	
483.997 	0 	0 	0 	0 	0 	0 	0 	0 	0 	0 	0 	
487.808 	0 	0 	0 	0 	0 	0 	0 	0 	0 	0 	0 	
491.619 	0 	0 	0 	0 	0 	0 	0 	0 	0 	0 	0 	
495.43 	0 	0 	0 	0 	0 	0 	0 	0 	0 	0 	0 	
499.241 	0 	0 	0 	0 	0 	0 	0 	0 	0 	0 	0 	
503.052 	0 	0 	0 	0 	0 	0 	0 	0 	0 	0 	0 	
506.863 	0 	0 	0 	0 	0 	0 	0 	0 	0 	0 	0 	
510.674 	0 	0 	0 	0 	0 	0 	0 	0 	0 	0 	0 	
514.485 	0 	0 	0 	0 	0 	0 	0 	0 	0 	0 	0 	
518.296 	0 	0 	0 	0 	0 	0 	0 	0 	0 	0 	0 	
522.107 	0 	0 	0 	0 	0 	0 	0 	0 	0 	0 	0 	
525.918 	0 	0 	0 	0 	0 	0 	0 	0 	0 	0 	0 	
529.729 	0 	0 	0 	0 	0 	0 	0 	0 	0 	0 	0 	
533.54 	0 	0 	0 	0 	0 	0 	0 	0 	0 	0 	0 	
537.351 	0 	0 	0 	0 	0 	0 	0 	0 	0 	0 	0 	
541.162 	0 	0 	0 	0 	0 	0 	0 	0 	0 	0 	0 	
544.973 	0 	0 	0 	0 	0 	0 	0 	0 	0 	0 	0 	
548.784 	0 	0 	0 	0 	0 	0 	0 	0 	0 	0 	0 	
552.595 	0 	0 	0 	0 	0 	0 	0 	0 	0 	0 	0 	
556.406 	0 	0 	0 	0 	0 	0 	0 	0 	0 	0 	0 	
560.217 	0 	0 	0 	0 	0 	0 	0 	0 	0 	0 	0 	
564.028 	0 	0 	0 	0 	0 	0 	0 	0 	0 	0 	0 	
567.839 	0 	0 	0 	0 	0 	0 	0 	0 	0 	0 	0 	
571.65 	0 	0 	0 	0 	0 	0 	0 	0 	0 	0 	0 	
575.461 	0 	0 	0 	0 	0 	0 	0 	0 	0 	0 	0 	
579.272 	0 	0 	0 	0 	0 	0 	0 	0 	0 	0 	0 	
583.083 	0 	0 	0 	0 	0 	0 	0 	0 	0 	0 	0 	
586.894 	0 	0 	0 	0 	0 	0 	0 	0 	0 	0 	0 	
590.705 	0 	0 	0 	0 	0 	0 	0 	0 	0 	0 	0 	
594.516 	0 	0 	0 	0 	0 	0 	0 	0 	0 	0 	0 	
598.327 	0 	0 	0 	0 	0 	0 	0 	0 	0 	0 	0 	
602.138 	0 	0 	0 	0 	0 	0 	0 	0 	0 	0 	0 	
605.949 	0 	0 	0 	0 	0 	0 	0 	0 	0 	0 	0 	
609.76 	0 	0 	0 	0 	0 	0 	0 	0 	0 	0 	0 	
613.571 	0 	0 	0 	0 	0 	0 	0 	0 	0 	0 	0 	
617.382 	0 	0 	0 	0 	0 	0 	0 	0 	0 	0 	0 	
621.193 	0 	0 	0 	0 	0 	0 	0 	0 	0 	0 	0 	
625.004 	0 	0 	0 	0 	0 	0 	0 	0 	0 	0 	0 	
628.815 	0 	0 	0 	0 	0 	0 	0 	0 	0 	0 	0 	
632.626 	0 	0 	0 	0 	0 	0 	0 	0 	0 	0 	0 	
636.437 	0 	0 	0 	0 	0 	0 	0 	0 	0 	0 	0 	
640.248 	0 	0 	0 	0 	0 	0 	0 	0 	0 	0 	0 	
644.059 	0 	0 	0 	0 	0 	0 	0 	0 	0 	0 	0 	
647.87 	0 	0 	0 	0 	0 	0 	0 	0 	0 	0 	0 	
651.681 	0 	0 	0 	0 	0 	0 	0 	0 	0 	0 	0 	
655.492 	0 	0 	0 	0 	0 	0 	0 	0 	0 	0 	0 	
659.303 	0 	0 	0 	0 	0 	0 	0 	0 	0 	0 	0 	
663.114 	0 	0 	0 	0 	0 	0 	0 	0 	0 	0 	0 	
666.925 	0 	0 	0 	0 	0 	0 	0 	0 	0 	0 	0 	
670.736 	0 	0 	0 	0 	0 	0 	0 	0 	0 	0 	0 	
674.547 	0 	0 	0 	0 	0 	0 	0 	0 	0 	0 	0 	
678.358 	0 	0 	0 	0 	0 	0 	0 	0 	0 	0 	0 	
682.169 	0 	0 	0 	0 	0 	0 	0 	0 	0 	0 	0 	
685.98 	0 	0 	0 	0 	0 	0 	0 	0 	0 	0 	0 	
689.791 	0 	0 	0 	0 	0 	0 	0 	0 	0 	0 	0 	
693.602 	0 	0 	0 	0 	0 	0 	0 	0 	0 	0 	0 	
697.413 	0 	0 	0 	0 	0 	0 	0 	0 	0 	0 	0 	
701.224 	0 	0 	0 	0 	0 	0 	0 	0 	0 	0 	0 	
705.035 	0 	0 	0 	0 	0 	0 	0 	0 	0 	0 	0 	
708.846 	0 	0 	0 	0 	0 	0 	0 	0 	0 	0 	0 	
712.657 	0 	0 	0 	0 	0 	0 	0 	0 	0 	0 	0 	
716.468 	0 	0 	0 	0 	0 	0 	0 	0 	0 	0 	0 	
720.279 	0 	0 	0 	0 	0 	0 	0 	0 	0 	0 	0 	
724.09 	0 	0 	0 	0 	0 	0 	0 	0 	0 	0 	0 	
727.901 	0 	0 	0 	0 	0 	0 	0 	0 	0 	0 	0 	
731.712 	0 	0 	0 	0 	0 	0 	0 	0 	0 	0 	0 	
735.523 	0 	0 	0 	0 	0 	0 	0 	0 	0 	0 	0 	
739.334 	0 	0 	0 	0 	0 	0 	0 	0 	0 	0 	0 	
743.145 	0 	0 	0 	0 	0 	0 	0 	0 	0 	0 	0 	
746.956 	0 	0 	0 	0 	0 	0 	0 	0 	0 	0 	0 	
750.767 	0 	0 	0 	0 	0 	0 	0 	0 	0 	0 	0 	
754.578 	0 	0 	0 	0 	0 	0 	0 	0 	0 	0 	0 	
758.389 	0 	0 	0 	0 	0 	0 	0 	0 	0 	0 	0 	
770.947 	0 	0 	0 	0 	0 	0 	0 	0 	0 	0 	0 	
