5.69288 	260.013 	1.13179e+17 	1.6536e+17 	0 	1.34087e+16 	1.80574e+15 	1 	0 	0 	1 	0.7 	0 	0 	
11.3858 	260.013 	7.92251e+17 	1.15752e+18 	0 	9.38611e+16 	1.26402e+16 	1 	0 	0 	1 	0.7 	0 	0 	
17.0786 	260.013 	2.1504e+18 	3.14183e+18 	0 	2.54766e+17 	3.43091e+16 	1 	0 	0 	1 	0.7 	0 	0 	
22.7715 	260.013 	4.18761e+18 	6.11831e+18 	0 	4.96123e+17 	6.68124e+16 	1 	0 	0 	1 	0.7 	0 	0 	
28.4644 	260.013 	6.9039e+18 	1.00869e+19 	0 	8.17932e+17 	1.1015e+17 	1 	0 	0 	1 	0.7 	0 	0 	
34.1573 	260.013 	1.02993e+19 	1.50477e+19 	0 	1.22019e+18 	1.64322e+17 	1 	0 	0 	1 	0.7 	0 	0 	
39.8501 	260.013 	1.43737e+19 	2.10007e+19 	0 	1.70291e+18 	2.29329e+17 	1 	0 	0 	1 	0.7 	0 	0 	
45.543 	260.013 	1.91272e+19 	2.79458e+19 	0 	2.26607e+18 	3.0517e+17 	1 	0 	0 	1 	0.7 	0 	0 	
51.2359 	260.013 	2.45598e+19 	3.5883e+19 	0 	2.90969e+18 	3.91846e+17 	1 	0 	0 	1 	0.7 	0 	0 	
56.9288 	260.013 	3.06714e+19 	4.48125e+19 	0 	3.63377e+18 	4.89356e+17 	1 	0 	0 	1 	0.7 	0 	0 	
62.6217 	260.013 	3.74622e+19 	5.4734e+19 	0 	4.43829e+18 	5.977e+17 	1 	0 	0 	1 	0.7 	0 	0 	
68.3145 	260.013 	4.4932e+19 	6.56478e+19 	0 	5.32326e+18 	7.16879e+17 	1 	0 	0 	1 	0.7 	0 	0 	
74.0074 	260.013 	5.30808e+19 	7.75537e+19 	0 	6.28869e+18 	8.46892e+17 	1 	0 	0 	1 	0.7 	0 	0 	
79.7003 	260.013 	6.19088e+19 	9.04517e+19 	0 	7.33457e+18 	9.8774e+17 	1 	0 	0 	1 	0.7 	0 	0 	
85.3932 	260.013 	7.14158e+19 	1.04342e+20 	0 	8.46091e+18 	1.13942e+18 	1 	0 	0 	1 	0.7 	0 	0 	
91.086 	260.013 	8.16019e+19 	1.19224e+20 	0 	9.66769e+18 	1.30194e+18 	1 	0 	0 	1 	0.7 	0 	0 	
96.7789 	260.013 	9.2467e+19 	1.35099e+20 	0 	1.09549e+19 	1.47529e+18 	1 	0 	0 	1 	0.7 	0 	0 	
102.472 	260.013 	1.04011e+20 	1.51965e+20 	0 	1.23226e+19 	1.65948e+18 	1 	0 	0 	1 	0.7 	0 	0 	
108.165 	260.013 	1.16235e+20 	1.69824e+20 	0 	1.37708e+19 	1.8545e+18 	1 	0 	0 	1 	0.7 	0 	0 	
113.858 	260.013 	1.29137e+20 	1.88675e+20 	0 	1.52994e+19 	2.06035e+18 	1 	0 	0 	1 	0.7 	0 	0 	
119.55 	260.013 	1.42718e+20 	2.08518e+20 	0 	1.69084e+19 	2.27704e+18 	1 	0 	0 	1 	0.7 	0 	0 	
125.243 	260.013 	1.56979e+20 	2.29354e+20 	0 	1.85979e+19 	2.50456e+18 	1 	0 	0 	1 	0.7 	0 	0 	
130.936 	260.013 	1.71919e+20 	2.51181e+20 	0 	2.03679e+19 	2.74292e+18 	1 	0 	0 	1 	0.7 	0 	0 	
136.629 	260.013 	1.87537e+20 	2.74001e+20 	0 	2.22183e+19 	2.99211e+18 	1 	0 	0 	1 	0.7 	0 	0 	
142.322 	260.013 	2.03835e+20 	2.97813e+20 	0 	2.41491e+19 	3.25214e+18 	1 	0 	0 	1 	0.7 	0 	0 	
148.015 	260.013 	2.20812e+20 	3.22617e+20 	0 	2.61604e+19 	3.523e+18 	1 	0 	0 	1 	0.7 	0 	0 	
153.708 	260.013 	2.38468e+20 	3.48413e+20 	0 	2.82522e+19 	3.8047e+18 	1 	0 	0 	1 	0.7 	0 	0 	
159.401 	260.013 	2.56803e+20 	3.75201e+20 	0 	3.04244e+19 	4.09723e+18 	1 	0 	0 	1 	0.7 	0 	0 	
165.093 	260.013 	2.75817e+20 	4.02981e+20 	0 	3.26771e+19 	4.40059e+18 	1 	0 	0 	1 	0.7 	0 	0 	
170.786 	260.013 	2.9551e+20 	4.31754e+20 	0 	3.50102e+19 	4.71479e+18 	1 	0 	0 	1 	0.7 	0 	0 	
176.479 	260.013 	3.15882e+20 	4.61519e+20 	0 	3.74238e+19 	5.03982e+18 	1 	0 	0 	1 	0.7 	0 	0 	
182.172 	260.013 	3.36933e+20 	4.92276e+20 	0 	3.99178e+19 	5.37569e+18 	1 	0 	0 	1 	0.7 	0 	0 	
187.865 	260.013 	3.58663e+20 	5.24025e+20 	0 	4.24923e+19 	5.72239e+18 	1 	0 	0 	1 	0.7 	0 	0 	
193.558 	260.013 	3.81073e+20 	5.56766e+20 	0 	4.51472e+19 	6.07993e+18 	1 	0 	0 	1 	0.7 	0 	0 	
199.251 	260.013 	4.04161e+20 	5.90499e+20 	0 	4.78826e+19 	6.4483e+18 	1 	0 	0 	1 	0.7 	0 	0 	
204.944 	260.013 	4.27929e+20 	6.25225e+20 	0 	5.06984e+19 	6.82751e+18 	1 	0 	0 	1 	0.7 	0 	0 	
210.636 	260.013 	4.52375e+20 	6.60942e+20 	0 	5.35947e+19 	7.21755e+18 	1 	0 	0 	1 	0.7 	0 	0 	
216.329 	260.013 	4.77501e+20 	6.97652e+20 	0 	5.65714e+19 	7.61842e+18 	1 	0 	0 	1 	0.7 	0 	0 	
222.022 	260.013 	5.03306e+20 	7.35354e+20 	0 	5.96286e+19 	8.03013e+18 	1 	0 	0 	1 	0.7 	0 	0 	
227.715 	260.013 	5.2979e+20 	7.74048e+20 	0 	6.27663e+19 	8.45267e+18 	1 	0 	0 	1 	0.7 	0 	0 	
233.408 	260.013 	5.56953e+20 	8.13735e+20 	0 	6.59843e+19 	8.88605e+18 	1 	0 	0 	1 	0.7 	0 	0 	
239.101 	260.013 	5.84795e+20 	8.54413e+20 	0 	6.92829e+19 	9.33026e+18 	1 	0 	0 	1 	0.7 	0 	0 	
244.794 	260.013 	6.13316e+20 	8.96084e+20 	0 	7.26619e+19 	9.78531e+18 	1 	0 	0 	1 	0.7 	0 	0 	
250.487 	260.013 	6.42516e+20 	9.38747e+20 	0 	7.61213e+19 	1.02512e+19 	1 	0 	0 	1 	0.7 	0 	0 	
256.18 	260.013 	6.72395e+20 	9.82402e+20 	0 	7.96613e+19 	1.07279e+19 	1 	0 	0 	1 	0.7 	0 	0 	
261.872 	260.013 	7.02953e+20 	1.02705e+21 	0 	8.32816e+19 	1.12155e+19 	1 	0 	0 	1 	0.7 	0 	0 	
267.565 	260.013 	7.34191e+20 	1.07269e+21 	0 	8.69824e+19 	1.17138e+19 	1 	0 	0 	1 	0.7 	0 	0 	
273.258 	260.013 	7.66107e+20 	1.11932e+21 	0 	9.07637e+19 	1.22231e+19 	1 	0 	0 	1 	0.7 	0 	0 	
278.951 	260.013 	7.98702e+20 	1.16694e+21 	0 	9.46254e+19 	1.27431e+19 	1 	0 	0 	1 	0.7 	0 	0 	
284.644 	260.013 	8.31977e+20 	1.21556e+21 	0 	9.85676e+19 	1.3274e+19 	1 	0 	0 	1 	0.7 	0 	0 	
290.337 	260.013 	8.65931e+20 	1.26517e+21 	0 	1.0259e+20 	1.38157e+19 	1 	0 	0 	1 	0.7 	0 	0 	
296.03 	260.013 	9.00563e+20 	1.31577e+21 	0 	1.06693e+20 	1.43683e+19 	1 	0 	0 	1 	0.7 	0 	0 	
301.723 	260.013 	9.35875e+20 	1.36736e+21 	0 	1.10877e+20 	1.49317e+19 	1 	0 	0 	1 	0.7 	0 	0 	
307.415 	260.013 	9.71866e+20 	1.41994e+21 	0 	1.15141e+20 	1.55059e+19 	1 	0 	0 	1 	0.7 	0 	0 	
313.108 	260.013 	1.00854e+21 	1.47352e+21 	0 	1.19485e+20 	1.6091e+19 	1 	0 	0 	1 	0.7 	0 	0 	
318.801 	260.013 	1.04588e+21 	1.52809e+21 	0 	1.2391e+20 	1.66869e+19 	1 	0 	0 	1 	0.7 	0 	0 	
324.494 	260.013 	1.08391e+21 	1.58365e+21 	0 	1.28415e+20 	1.72936e+19 	1 	0 	0 	1 	0.7 	0 	0 	
330.187 	260.013 	1.12262e+21 	1.6402e+21 	0 	1.33001e+20 	1.79111e+19 	1 	0 	0 	1 	0.7 	0 	0 	
335.88 	260.013 	1.16201e+21 	1.69775e+21 	0 	1.37667e+20 	1.85395e+19 	1 	0 	0 	1 	0.7 	0 	0 	
341.573 	260.013 	1.20207e+21 	1.75628e+21 	0 	1.42414e+20 	1.91788e+19 	1 	0 	0 	1 	0.7 	0 	0 	
347.266 	260.013 	1.24282e+21 	1.81581e+21 	0 	1.47241e+20 	1.98288e+19 	1 	0 	0 	1 	0.7 	0 	0 	
352.958 	260.013 	1.28424e+21 	1.87634e+21 	0 	1.52149e+20 	2.04897e+19 	1 	0 	0 	1 	0.7 	0 	0 	
358.651 	260.013 	1.32634e+21 	1.93785e+21 	0 	1.57137e+20 	2.11615e+19 	1 	0 	0 	1 	0.7 	0 	0 	
364.344 	260.013 	1.36912e+21 	2.00036e+21 	0 	1.62205e+20 	2.1844e+19 	1 	0 	0 	1 	0.7 	0 	0 	
370.037 	260.013 	1.41258e+21 	2.06385e+21 	0 	1.67354e+20 	2.25375e+19 	1 	0 	0 	1 	0.7 	0 	0 	
375.73 	260.013 	1.45672e+21 	2.12834e+21 	0 	1.72584e+20 	2.32417e+19 	1 	0 	0 	1 	0.7 	0 	0 	
381.423 	260.013 	1.50154e+21 	2.19383e+21 	0 	1.77894e+20 	2.39568e+19 	1 	0 	0 	1 	0.7 	0 	0 	
387.116 	260.013 	1.54704e+21 	2.2603e+21 	0 	1.83284e+20 	2.46827e+19 	1 	0 	0 	1 	0.7 	0 	0 	
392.809 	260.013 	1.59322e+21 	2.32777e+21 	0 	1.88755e+20 	2.54194e+19 	1 	0 	0 	1 	0.7 	0 	0 	
398.501 	260.013 	1.64007e+21 	2.39623e+21 	0 	1.94306e+20 	2.6167e+19 	1 	0 	0 	1 	0.7 	0 	0 	
404.194 	260.013 	1.68761e+21 	2.46568e+21 	0 	1.99938e+20 	2.69254e+19 	1 	0 	0 	1 	0.7 	0 	0 	
409.887 	260.013 	1.73582e+21 	2.53612e+21 	0 	2.0565e+20 	2.76946e+19 	1 	0 	0 	1 	0.7 	0 	0 	
415.58 	260.013 	1.78472e+21 	2.60756e+21 	0 	2.11442e+20 	2.84747e+19 	1 	0 	0 	1 	0.7 	0 	0 	
421.273 	260.013 	1.83429e+21 	2.67998e+21 	0 	2.17315e+20 	2.92656e+19 	1 	0 	0 	1 	0.7 	0 	0 	
426.966 	260.013 	1.88454e+21 	2.7534e+21 	0 	2.23269e+20 	3.00674e+19 	1 	0 	0 	1 	0.7 	0 	0 	
432.659 	260.013 	1.93547e+21 	2.82781e+21 	0 	2.29303e+20 	3.088e+19 	1 	0 	0 	1 	0.7 	0 	0 	
438.352 	260.013 	1.98708e+21 	2.90322e+21 	0 	2.35417e+20 	3.17034e+19 	1 	0 	0 	1 	0.7 	0 	0 	
444.044 	260.013 	2.03937e+21 	2.97962e+21 	0 	2.41612e+20 	3.25376e+19 	1 	0 	0 	1 	0.7 	0 	0 	
449.737 	260.013 	2.09234e+21 	3.057e+21 	0 	2.47887e+20 	3.33827e+19 	1 	0 	0 	1 	0.7 	0 	0 	
455.43 	260.013 	2.14598e+21 	3.13538e+21 	0 	2.54243e+20 	3.42387e+19 	1 	0 	0 	1 	0.7 	0 	0 	
461.123 	260.013 	2.20031e+21 	3.21476e+21 	0 	2.60679e+20 	3.51054e+19 	1 	0 	0 	1 	0.7 	0 	0 	
466.816 	260.013 	2.25531e+21 	3.29512e+21 	0 	2.67196e+20 	3.5983e+19 	1 	0 	0 	1 	0.7 	0 	0 	
472.509 	260.013 	2.311e+21 	3.37648e+21 	0 	2.73793e+20 	3.68714e+19 	1 	0 	0 	1 	0.7 	0 	0 	
478.202 	260.013 	2.36736e+21 	3.45883e+21 	0 	2.8047e+20 	3.77707e+19 	1 	0 	0 	1 	0.7 	0 	0 	
483.895 	260.013 	2.4244e+21 	3.54217e+21 	0 	2.87228e+20 	3.86808e+19 	1 	0 	0 	1 	0.7 	0 	0 	
489.587 	260.013 	2.48212e+21 	3.6265e+21 	0 	2.94067e+20 	3.96017e+19 	1 	0 	0 	1 	0.7 	0 	0 	
495.28 	260.013 	2.54052e+21 	3.71183e+21 	0 	3.00986e+20 	4.05335e+19 	1 	0 	0 	1 	0.7 	0 	0 	
500.973 	260.013 	2.5996e+21 	3.79815e+21 	0 	3.07985e+20 	4.14761e+19 	1 	0 	0 	1 	0.7 	0 	0 	
506.666 	260.013 	2.65936e+21 	3.88546e+21 	0 	3.15065e+20 	4.24295e+19 	1 	0 	0 	1 	0.7 	0 	0 	
512.359 	260.013 	2.7198e+21 	3.97376e+21 	0 	3.22225e+20 	4.33938e+19 	1 	0 	0 	1 	0.7 	0 	0 	
518.052 	260.013 	2.78091e+21 	4.06305e+21 	0 	3.29466e+20 	4.43689e+19 	1 	0 	0 	1 	0.7 	0 	0 	
523.745 	260.013 	2.84271e+21 	4.15334e+21 	0 	3.36787e+20 	4.53548e+19 	1 	0 	0 	1 	0.7 	0 	0 	
529.438 	260.013 	2.90519e+21 	4.24462e+21 	0 	3.44189e+20 	4.63516e+19 	1 	0 	0 	1 	0.7 	0 	0 	
535.131 	260.013 	2.96834e+21 	4.33689e+21 	0 	3.51671e+20 	4.73592e+19 	1 	0 	0 	1 	0.7 	0 	0 	
540.823 	260.013 	3.03217e+21 	4.43015e+21 	0 	3.59233e+20 	4.83776e+19 	1 	0 	0 	1 	0.7 	0 	0 	
546.516 	260.013 	3.09668e+21 	4.5244e+21 	0 	3.66876e+20 	4.94069e+19 	1 	0 	0 	1 	0.7 	0 	0 	
552.209 	260.013 	3.16187e+21 	4.61965e+21 	0 	3.746e+20 	5.0447e+19 	1 	0 	0 	1 	0.7 	0 	0 	
557.902 	260.013 	3.22774e+21 	4.71589e+21 	0 	3.82404e+20 	5.14979e+19 	1 	0 	0 	1 	0.7 	0 	0 	
563.595 	260.013 	3.29429e+21 	4.81312e+21 	0 	3.90288e+20 	5.25597e+19 	1 	0 	0 	1 	0.7 	0 	0 	
569.288 	260.013 	3.36152e+21 	4.91135e+21 	0 	3.98253e+20 	5.36323e+19 	1 	0 	0 	1 	0.7 	0 	0 	
574.981 	260.013 	3.42943e+21 	5.01056e+21 	0 	4.06298e+20 	5.47158e+19 	1 	0 	0 	1 	0.7 	0 	0 	
580.674 	260.013 	3.49802e+21 	5.11077e+21 	0 	4.14424e+20 	5.581e+19 	1 	0 	0 	1 	0.7 	0 	0 	
586.366 	260.013 	3.56728e+21 	5.21197e+21 	0 	4.2263e+20 	5.69151e+19 	1 	0 	0 	1 	0.7 	0 	0 	
592.059 	260.013 	3.63723e+21 	5.31416e+21 	0 	4.30916e+20 	5.80311e+19 	1 	0 	0 	1 	0.7 	0 	0 	
597.752 	260.013 	3.70785e+21 	5.41735e+21 	0 	4.39283e+20 	5.91579e+19 	1 	0 	0 	1 	0.7 	0 	0 	
603.445 	260.013 	3.77915e+21 	5.52152e+21 	0 	4.47731e+20 	6.02955e+19 	1 	0 	0 	1 	0.7 	0 	0 	
609.138 	260.013 	3.85113e+21 	5.62669e+21 	0 	4.56259e+20 	6.14439e+19 	1 	0 	0 	1 	0.7 	0 	0 	
614.831 	260.013 	3.92379e+21 	5.73285e+21 	0 	4.64867e+20 	6.26032e+19 	1 	0 	0 	1 	0.7 	0 	0 	
620.524 	260.013 	3.99713e+21 	5.84001e+21 	0 	4.73556e+20 	6.37734e+19 	1 	0 	0 	1 	0.7 	0 	0 	
626.217 	260.013 	4.07115e+21 	5.94815e+21 	0 	4.82325e+20 	6.49543e+19 	1 	0 	0 	1 	0.7 	0 	0 	
631.909 	260.013 	4.14585e+21 	6.05729e+21 	0 	4.91175e+20 	6.61461e+19 	1 	0 	0 	1 	0.7 	0 	0 	
637.602 	260.013 	4.22123e+21 	6.16742e+21 	0 	5.00105e+20 	6.73487e+19 	1 	0 	0 	1 	0.7 	0 	0 	
643.295 	260.013 	4.29728e+21 	6.27854e+21 	0 	5.09116e+20 	6.85622e+19 	1 	0 	0 	1 	0.7 	0 	0 	
648.988 	260.013 	4.37402e+21 	6.39065e+21 	0 	5.18207e+20 	6.97865e+19 	1 	0 	0 	1 	0.7 	0 	0 	
654.681 	260.013 	4.45143e+21 	6.50376e+21 	0 	5.27379e+20 	7.10216e+19 	1 	0 	0 	1 	0.7 	0 	0 	
660.374 	260.013 	4.52953e+21 	6.61786e+21 	0 	5.36631e+20 	7.22676e+19 	1 	0 	0 	1 	0.7 	0 	0 	
666.067 	260.013 	4.6083e+21 	6.73295e+21 	0 	5.45963e+20 	7.35244e+19 	1 	0 	0 	1 	0.7 	0 	0 	
671.76 	260.013 	4.68775e+21 	6.84903e+21 	0 	5.55376e+20 	7.4792e+19 	1 	0 	0 	1 	0.7 	0 	0 	
677.452 	260.013 	4.76788e+21 	6.9661e+21 	0 	5.64869e+20 	7.60704e+19 	1 	0 	0 	1 	0.7 	0 	0 	
683.145 	260.013 	4.84869e+21 	7.08417e+21 	0 	5.74443e+20 	7.73597e+19 	1 	0 	0 	1 	0.7 	0 	0 	
688.838 	260.013 	4.93018e+21 	7.20323e+21 	0 	5.84098e+20 	7.86599e+19 	1 	0 	0 	1 	0.7 	0 	0 	
694.531 	260.013 	5.01235e+21 	7.32328e+21 	0 	5.93832e+20 	7.99708e+19 	1 	0 	0 	1 	0.7 	0 	0 	
700.224 	260.013 	5.09519e+21 	7.44432e+21 	0 	6.03648e+20 	8.12927e+19 	1 	0 	0 	1 	0.7 	0 	0 	
705.917 	260.013 	5.17872e+21 	7.56636e+21 	0 	6.13543e+20 	8.26253e+19 	1 	0 	0 	1 	0.7 	0 	0 	
711.61 	260.013 	5.26292e+21 	7.68939e+21 	0 	6.23519e+20 	8.39688e+19 	1 	0 	0 	1 	0.7 	0 	0 	
717.303 	260.013 	5.34781e+21 	7.81341e+21 	0 	6.33576e+20 	8.53231e+19 	1 	0 	0 	1 	0.7 	0 	0 	
722.995 	260.013 	5.43337e+21 	7.93842e+21 	0 	6.43713e+20 	8.66882e+19 	1 	0 	0 	1 	0.7 	0 	0 	
728.688 	260.013 	5.51961e+21 	8.06442e+21 	0 	6.5393e+20 	8.80642e+19 	1 	0 	0 	1 	0.7 	0 	0 	
734.381 	260.013 	5.60654e+21 	8.19142e+21 	0 	6.64228e+20 	8.9451e+19 	1 	0 	0 	1 	0.7 	0 	0 	
740.074 	260.013 	5.69414e+21 	8.31941e+21 	0 	6.74607e+20 	9.08486e+19 	1 	0 	0 	1 	0.7 	0 	0 	
745.767 	260.013 	5.78242e+21 	8.44839e+21 	0 	6.85065e+20 	9.22571e+19 	1 	0 	0 	1 	0.7 	0 	0 	
751.46 	260.013 	5.87137e+21 	8.57836e+21 	0 	6.95605e+20 	9.36764e+19 	1 	0 	0 	1 	0.7 	0 	0 	
757.153 	260.013 	5.96101e+21 	8.70933e+21 	0 	7.06224e+20 	9.51066e+19 	1 	0 	0 	1 	0.7 	0 	0 	
762.846 	260.013 	6.05133e+21 	8.84128e+21 	0 	7.16924e+20 	9.65475e+19 	1 	0 	0 	1 	0.7 	0 	0 	
768.539 	260.013 	6.14232e+21 	8.97423e+21 	0 	7.27705e+20 	9.79994e+19 	1 	0 	0 	1 	0.7 	0 	0 	
774.231 	260.013 	6.234e+21 	9.10817e+21 	0 	7.38566e+20 	9.9462e+19 	1 	0 	0 	1 	0.7 	0 	0 	
779.924 	260.013 	6.32635e+21 	9.24311e+21 	0 	7.49508e+20 	1.00935e+20 	1 	0 	0 	1 	0.7 	0 	0 	
785.617 	260.013 	6.41939e+21 	9.37903e+21 	0 	7.6053e+20 	1.0242e+20 	1 	0 	0 	1 	0.7 	0 	0 	
791.31 	260.013 	6.5131e+21 	9.51595e+21 	0 	7.71632e+20 	1.03915e+20 	1 	0 	0 	1 	0.7 	0 	0 	
797.003 	260.013 	6.60749e+21 	9.65386e+21 	0 	7.82815e+20 	1.05421e+20 	1 	0 	0 	1 	0.7 	0 	0 	
802.696 	260.013 	6.70256e+21 	9.79276e+21 	0 	7.94078e+20 	1.06938e+20 	1 	0 	0 	1 	0.7 	0 	0 	
808.389 	260.013 	6.79831e+21 	9.93266e+21 	0 	8.05422e+20 	1.08465e+20 	1 	0 	0 	1 	0.7 	0 	0 	
814.082 	260.013 	6.89474e+21 	1.00735e+22 	0 	8.16846e+20 	1.10004e+20 	1 	0 	0 	1 	0.7 	0 	0 	
819.774 	260.013 	6.99184e+21 	1.02154e+22 	0 	8.28351e+20 	1.11553e+20 	1 	0 	0 	1 	0.7 	0 	0 	
825.467 	260.013 	7.08963e+21 	1.03583e+22 	0 	8.39936e+20 	1.13113e+20 	1 	0 	0 	1 	0.7 	0 	0 	
831.16 	260.013 	7.1881e+21 	1.05022e+22 	0 	8.51602e+20 	1.14684e+20 	1 	0 	0 	1 	0.7 	0 	0 	
836.853 	260.013 	7.28724e+21 	1.0647e+22 	0 	8.63348e+20 	1.16266e+20 	1 	0 	0 	1 	0.7 	0 	0 	
842.546 	260.013 	7.38706e+21 	1.07929e+22 	0 	8.75174e+20 	1.17859e+20 	1 	0 	0 	1 	0.7 	0 	0 	
848.239 	260.013 	7.48757e+21 	1.09397e+22 	0 	8.87081e+20 	1.19462e+20 	1 	0 	0 	1 	0.7 	0 	0 	
853.932 	260.013 	7.58875e+21 	1.10875e+22 	0 	8.99069e+20 	1.21077e+20 	1 	0 	0 	1 	0.7 	0 	0 	
859.625 	260.013 	7.69061e+21 	1.12364e+22 	0 	9.11136e+20 	1.22702e+20 	1 	0 	0 	1 	0.7 	0 	0 	
865.317 	260.013 	7.79315e+21 	1.13862e+22 	0 	9.23285e+20 	1.24338e+20 	1 	0 	0 	1 	0.7 	0 	0 	
871.01 	260.013 	7.89637e+21 	1.1537e+22 	0 	9.35514e+20 	1.25985e+20 	1 	0 	0 	1 	0.7 	0 	0 	
876.703 	260.013 	8.00027e+21 	1.16888e+22 	0 	9.47823e+20 	1.27642e+20 	1 	0 	0 	1 	0.7 	0 	0 	
882.396 	260.013 	8.10484e+21 	1.18416e+22 	0 	9.60212e+20 	1.29311e+20 	1 	0 	0 	1 	0.7 	0 	0 	
888.089 	260.013 	8.2101e+21 	1.19954e+22 	0 	9.72683e+20 	1.3099e+20 	1 	0 	0 	1 	0.7 	0 	0 	
893.782 	260.013 	8.31603e+21 	1.21501e+22 	0 	9.85233e+20 	1.3268e+20 	1 	0 	0 	1 	0.7 	0 	0 	
899.475 	260.013 	8.42265e+21 	1.23059e+22 	0 	9.97864e+20 	1.34381e+20 	1 	0 	0 	1 	0.7 	0 	0 	
905.168 	260.013 	8.52994e+21 	1.24627e+22 	0 	1.01058e+21 	1.36093e+20 	1 	0 	0 	1 	0.7 	0 	0 	
910.86 	260.013 	8.63792e+21 	1.26204e+22 	0 	1.02337e+21 	1.37816e+20 	1 	0 	0 	1 	0.7 	0 	0 	
916.553 	260.013 	8.74657e+21 	1.27792e+22 	0 	1.03624e+21 	1.39549e+20 	1 	0 	0 	1 	0.7 	0 	0 	
922.246 	260.013 	8.8559e+21 	1.29389e+22 	0 	1.04919e+21 	1.41294e+20 	1 	0 	0 	1 	0.7 	0 	0 	
927.939 	260.013 	8.96591e+21 	1.30996e+22 	0 	1.06223e+21 	1.43049e+20 	1 	0 	0 	1 	0.7 	0 	0 	
933.632 	260.013 	9.0766e+21 	1.32613e+22 	0 	1.07534e+21 	1.44815e+20 	1 	0 	0 	1 	0.7 	0 	0 	
939.325 	260.013 	9.18796e+21 	1.34241e+22 	0 	1.08853e+21 	1.46592e+20 	1 	0 	0 	1 	0.7 	0 	0 	
945.018 	260.013 	9.30001e+21 	1.35878e+22 	0 	1.10181e+21 	1.4838e+20 	1 	0 	0 	1 	0.7 	0 	0 	
950.711 	260.013 	9.41274e+21 	1.37525e+22 	0 	1.11516e+21 	1.50178e+20 	1 	0 	0 	1 	0.7 	0 	0 	
956.403 	260.013 	9.52614e+21 	1.39182e+22 	0 	1.1286e+21 	1.51987e+20 	1 	0 	0 	1 	0.7 	0 	0 	
962.096 	260.013 	9.64023e+21 	1.40848e+22 	0 	1.14212e+21 	1.53808e+20 	1 	0 	0 	1 	0.7 	0 	0 	
967.789 	260.013 	9.75499e+21 	1.42525e+22 	0 	1.15571e+21 	1.55639e+20 	1 	0 	0 	1 	0.7 	0 	0 	
973.482 	260.013 	9.87043e+21 	1.44212e+22 	0 	1.16939e+21 	1.5748e+20 	1 	0 	0 	1 	0.7 	0 	0 	
979.175 	260.013 	9.98655e+21 	1.45908e+22 	0 	1.18315e+21 	1.59333e+20 	1 	0 	0 	1 	0.7 	0 	0 	
984.868 	260.013 	1.01034e+22 	1.47615e+22 	0 	1.19698e+21 	1.61197e+20 	1 	0 	0 	1 	0.7 	0 	0 	
990.561 	260.013 	1.02208e+22 	1.49331e+22 	0 	1.2109e+21 	1.63071e+20 	1 	0 	0 	1 	0.7 	0 	0 	
996.254 	260.013 	1.0339e+22 	1.51058e+22 	0 	1.2249e+21 	1.64956e+20 	1 	0 	0 	1 	0.7 	0 	0 	
1001.95 	260.013 	1.04578e+22 	1.52794e+22 	0 	1.23898e+21 	1.66852e+20 	1 	0 	0 	1 	0.7 	0 	0 	
1007.64 	260.013 	1.05773e+22 	1.5454e+22 	0 	1.25314e+21 	1.68759e+20 	1 	0 	0 	1 	0.7 	0 	0 	
1013.33 	260.013 	1.06975e+22 	1.56296e+22 	0 	1.26738e+21 	1.70677e+20 	1 	0 	0 	1 	0.7 	0 	0 	
1019.03 	260.013 	1.08184e+22 	1.58062e+22 	0 	1.2817e+21 	1.72605e+20 	1 	0 	0 	1 	0.7 	0 	0 	
1024.72 	260.013 	1.094e+22 	1.59838e+22 	0 	1.2961e+21 	1.74545e+20 	1 	0 	0 	1 	0.7 	0 	0 	
1030.41 	260.013 	1.10622e+22 	1.61624e+22 	0 	1.31058e+21 	1.76495e+20 	1 	0 	0 	1 	0.7 	0 	0 	
1036.1 	260.013 	1.11851e+22 	1.6342e+22 	0 	1.32514e+21 	1.78456e+20 	1 	0 	0 	1 	0.7 	0 	0 	
1041.8 	260.013 	1.13087e+22 	1.65226e+22 	0 	1.33979e+21 	1.80428e+20 	1 	0 	0 	1 	0.7 	0 	0 	
1047.49 	260.013 	1.1433e+22 	1.67041e+22 	0 	1.35451e+21 	1.82411e+20 	1 	0 	0 	1 	0.7 	0 	0 	
1053.18 	260.013 	1.15579e+22 	1.68867e+22 	0 	1.36931e+21 	1.84404e+20 	1 	0 	0 	1 	0.7 	0 	0 	
1058.88 	260.013 	1.16836e+22 	1.70702e+22 	0 	1.3842e+21 	1.86408e+20 	1 	0 	0 	1 	0.7 	0 	0 	
1064.57 	260.013 	1.18099e+22 	1.72548e+22 	0 	1.39916e+21 	1.88424e+20 	1 	0 	0 	1 	0.7 	0 	0 	
1070.26 	260.013 	1.19368e+22 	1.74403e+22 	0 	1.41421e+21 	1.9045e+20 	1 	0 	0 	1 	0.7 	0 	0 	
1075.95 	260.013 	1.20645e+22 	1.76268e+22 	0 	1.42933e+21 	1.92487e+20 	1 	0 	0 	1 	0.7 	0 	0 	
1081.65 	260.013 	1.21929e+22 	1.78144e+22 	0 	1.44454e+21 	1.94534e+20 	1 	0 	0 	1 	0.7 	0 	0 	
1087.34 	260.013 	1.23219e+22 	1.80029e+22 	0 	1.45982e+21 	1.96593e+20 	1 	0 	0 	1 	0.7 	0 	0 	
1093.03 	260.013 	1.24516e+22 	1.81924e+22 	0 	1.47519e+21 	1.98662e+20 	1 	0 	0 	1 	0.7 	0 	0 	
1098.73 	260.013 	1.2582e+22 	1.83829e+22 	0 	1.49063e+21 	2.00742e+20 	1 	0 	0 	1 	0.7 	0 	0 	
1104.42 	260.013 	1.2713e+22 	1.85744e+22 	0 	1.50616e+21 	2.02833e+20 	1 	0 	0 	1 	0.7 	0 	0 	
1110.11 	260.013 	1.28448e+22 	1.87668e+22 	0 	1.52177e+21 	2.04935e+20 	1 	0 	0 	1 	0.7 	0 	0 	
1115.8 	260.013 	1.29772e+22 	1.89603e+22 	0 	1.53746e+21 	2.07048e+20 	1 	0 	0 	1 	0.7 	0 	0 	
1121.5 	260.013 	1.31103e+22 	1.91548e+22 	0 	1.55323e+21 	2.09172e+20 	1 	0 	0 	1 	0.7 	0 	0 	
1127.19 	260.013 	1.32441e+22 	1.93502e+22 	0 	1.56908e+21 	2.11306e+20 	1 	0 	0 	1 	0.7 	0 	0 	
1132.88 	260.013 	1.33785e+22 	1.95467e+22 	0 	1.58501e+21 	2.13451e+20 	1 	0 	0 	1 	0.7 	0 	0 	
1138.58 	260.013 	1.35137e+22 	1.97441e+22 	0 	1.60102e+21 	2.15607e+20 	1 	0 	0 	1 	0.7 	0 	0 	
3.811 	291.127 	6.72362e+17 	0 	0 	0 	0 	1 	0 	1.00306 	1 	0 	0 	0 	
7.622 	291.127 	4.70654e+18 	0 	0 	0 	0 	1 	0 	1.00306 	1 	0 	0 	-11.6312 	
11.433 	291.127 	1.27749e+19 	0 	0 	0 	0 	1 	0 	1.00306 	1 	0 	0 	-30.2285 	
15.244 	291.127 	2.48774e+19 	0 	0 	0 	0 	1 	0 	1.00306 	1 	0 	0 	-57.9641 	
19.055 	291.127 	4.10141e+19 	0 	0 	0 	0 	1 	0 	1.00306 	1 	0 	0 	-95.176 	
22.866 	291.127 	6.1185e+19 	0 	0 	0 	0 	1 	0 	1.00306 	1 	0 	0 	-141.749 	
26.677 	291.127 	8.539e+19 	0 	0 	0 	0 	1 	0 	1.00306 	1 	0 	0 	-197.622 	
30.488 	291.127 	1.13629e+20 	0 	0 	0 	0 	1 	0 	1.00306 	1 	0 	0 	-262.753 	
34.299 	291.127 	1.45903e+20 	0 	0 	0 	0 	1 	0 	1.00306 	1 	0 	0 	-337.1 	
38.11 	291.127 	1.8221e+20 	0 	0 	0 	0 	1 	0 	1.00306 	1 	0 	0 	-420.623 	
41.921 	291.127 	2.22552e+20 	0 	0 	0 	0 	1 	0 	1.00306 	1 	0 	0 	-513.275 	
45.732 	291.127 	2.66928e+20 	0 	0 	0 	0 	1 	0 	1.00306 	1 	0 	0 	-615.008 	
49.543 	291.127 	3.15338e+20 	0 	0 	0 	0 	1 	0 	1.00306 	1 	0 	0 	-725.77 	
53.354 	291.127 	3.67782e+20 	0 	0 	0 	0 	1 	0 	1.00306 	1 	0 	0 	-845.501 	
57.165 	291.127 	4.24261e+20 	0 	0 	0 	0 	1 	0 	1.00306 	1 	0 	0 	-974.141 	
60.976 	291.127 	4.84773e+20 	0 	0 	0 	0 	1 	0 	1.00306 	1 	0 	0 	-1111.62 	
64.787 	291.127 	5.4932e+20 	0 	0 	0 	0 	1 	0 	1.00306 	1 	0 	0 	-1257.87 	
68.598 	291.127 	6.17901e+20 	0 	0 	0 	0 	1 	0 	1.00306 	1 	0 	0 	-1412.82 	
72.409 	291.127 	6.90516e+20 	0 	0 	0 	0 	1 	0 	1.00306 	1 	0 	0 	-1576.38 	
76.22 	291.127 	7.67166e+20 	0 	0 	0 	0 	1 	0 	1.00306 	1 	0 	0 	-1748.48 	
80.031 	291.127 	8.47849e+20 	0 	0 	0 	0 	1 	0 	1.00306 	1 	0 	0 	-1929.01 	
83.842 	291.127 	9.32567e+20 	0 	0 	0 	0 	1 	0 	1.00306 	1 	0 	0 	-2117.89 	
87.653 	291.127 	1.02132e+21 	0 	0 	0 	0 	1 	0 	1.00306 	1 	0 	0 	-2315.03 	
91.464 	291.127 	1.1141e+21 	0 	0 	0 	0 	1 	0 	1.00306 	1 	0 	0 	-2520.31 	
95.275 	291.127 	1.21092e+21 	0 	0 	0 	0 	1 	0 	1.00306 	1 	0 	0 	-2733.64 	
99.086 	291.127 	1.31178e+21 	0 	0 	0 	0 	1 	0 	1.00306 	1 	0 	0 	-2954.9 	
102.897 	291.127 	1.41667e+21 	0 	0 	0 	0 	1 	0 	1.00306 	1 	0 	0 	-3183.97 	
106.708 	291.127 	1.52559e+21 	0 	0 	0 	0 	1 	0 	1.00306 	1 	0 	0 	-3420.75 	
110.519 	291.127 	1.63855e+21 	0 	0 	0 	0 	1 	0 	1.00306 	1 	0 	0 	-3665.1 	
114.33 	291.127 	1.75554e+21 	0 	0 	0 	0 	1 	0 	1.00306 	1 	0 	0 	-3916.9 	
118.141 	291.127 	1.87656e+21 	0 	0 	0 	0 	1 	0 	1.00306 	1 	0 	0 	-4176.02 	
121.952 	291.127 	2.00162e+21 	0 	0 	0 	0 	1 	0 	1.00306 	1 	0 	0 	-4442.33 	
125.763 	291.127 	2.13072e+21 	0 	0 	0 	0 	1 	0 	1.00306 	1 	0 	0 	-4715.67 	
129.574 	291.127 	2.26384e+21 	0 	0 	0 	0 	1 	0 	1.00306 	1 	0 	0 	-4995.92 	
133.385 	291.127 	2.40101e+21 	0 	0 	0 	0 	1 	0 	1.00306 	1 	0 	0 	-5282.93 	
137.196 	291.127 	2.5422e+21 	0 	0 	0 	0 	1 	0 	1.00306 	1 	0 	0 	-5576.53 	
141.007 	291.127 	2.68743e+21 	0 	0 	0 	0 	1 	0 	1.00306 	1 	0 	0 	-5876.59 	
144.818 	291.127 	2.8367e+21 	0 	0 	0 	0 	1 	0 	1.00306 	1 	0 	0 	-6182.95 	
148.629 	291.127 	2.99e+21 	0 	0 	0 	0 	1 	0 	1.00306 	1 	0 	0 	-6495.43 	
152.44 	291.127 	3.14733e+21 	0 	0 	0 	0 	1 	0 	1.00306 	1 	0 	0 	-6813.88 	
156.251 	291.127 	3.3087e+21 	0 	0 	0 	0 	1 	0 	1.00306 	1 	0 	0 	-7138.13 	
160.062 	291.127 	3.4741e+21 	0 	0 	0 	0 	1 	0 	1.00306 	1 	0 	0 	-7468 	
163.873 	291.127 	3.64353e+21 	0 	0 	0 	0 	1 	0 	1.00306 	1 	0 	0 	-7803.33 	
167.684 	291.127 	3.817e+21 	0 	0 	0 	0 	1 	0 	1.00306 	1 	0 	0 	-8143.92 	
171.495 	291.127 	3.99451e+21 	0 	0 	0 	0 	1 	0 	1.00306 	1 	0 	0 	-8489.61 	
175.306 	291.127 	4.17604e+21 	0 	0 	0 	0 	1 	0 	1.00306 	1 	0 	0 	-8840.21 	
179.117 	291.127 	4.36162e+21 	0 	0 	0 	0 	1 	0 	1.00306 	1 	0 	0 	-9195.53 	
182.928 	291.127 	4.55122e+21 	0 	0 	0 	0 	1 	0 	1.00306 	1 	0 	0 	-9555.37 	
186.739 	291.127 	4.74486e+21 	0 	0 	0 	0 	1 	0 	1.00306 	1 	0 	0 	-9919.55 	
190.55 	291.127 	4.94254e+21 	0 	0 	0 	0 	1 	0 	1.00306 	1 	0 	0 	-10287.9 	
194.361 	291.127 	5.14425e+21 	0 	0 	0 	0 	1 	0 	1.00306 	1 	0 	0 	-10660.1 	
198.172 	291.127 	5.34999e+21 	0 	0 	0 	0 	1 	0 	1.00306 	1 	0 	0 	-11036.1 	
201.983 	291.127 	5.55977e+21 	0 	0 	0 	0 	1 	0 	1.00306 	1 	0 	0 	-11415.6 	
205.794 	291.127 	5.77358e+21 	0 	0 	0 	0 	1 	0 	1.00306 	1 	0 	0 	-11798.5 	
209.605 	291.127 	5.99142e+21 	0 	0 	0 	0 	1 	0 	1.00306 	1 	0 	0 	-12184.5 	
213.416 	291.127 	6.2133e+21 	0 	0 	0 	0 	1 	0 	1.00306 	1 	0 	0 	-12573.3 	
217.227 	291.127 	6.43922e+21 	0 	0 	0 	0 	1 	0 	1.00306 	1 	0 	0 	-12964.9 	
221.038 	291.127 	6.66916e+21 	0 	0 	0 	0 	1 	0 	1.00306 	1 	0 	0 	-13358.9 	
224.849 	291.127 	6.90315e+21 	0 	0 	0 	0 	1 	0 	1.00306 	1 	0 	0 	-13755.2 	
228.66 	291.127 	7.14116e+21 	0 	0 	0 	0 	1 	0 	1.00306 	1 	0 	0 	-14153.6 	
232.471 	291.127 	7.38321e+21 	0 	0 	0 	0 	1 	0 	1.00306 	1 	0 	0 	-14553.7 	
236.282 	291.127 	7.6293e+21 	0 	0 	0 	0 	1 	0 	1.00306 	1 	0 	0 	-14955.4 	
240.093 	291.127 	7.87942e+21 	0 	0 	0 	0 	1 	0 	1.00306 	1 	0 	0 	-15358.6 	
243.904 	291.127 	8.13357e+21 	0 	0 	0 	0 	1 	0 	1.00306 	1 	0 	0 	-15762.8 	
247.715 	291.127 	8.39176e+21 	0 	0 	0 	0 	1 	0 	1.00306 	1 	0 	0 	-16168 	
251.526 	291.127 	8.65398e+21 	0 	0 	0 	0 	1 	0 	1.00306 	1 	0 	0 	-16573.8 	
255.337 	291.127 	8.92023e+21 	0 	0 	0 	0 	1 	0 	1.00306 	1 	0 	0 	-16980.1 	
259.148 	291.127 	9.19052e+21 	0 	0 	0 	0 	1 	0 	1.00306 	1 	0 	0 	-17386.6 	
262.959 	291.127 	9.46485e+21 	0 	0 	0 	0 	1 	0 	1.00306 	1 	0 	0 	-17793.1 	
266.77 	291.127 	9.7432e+21 	0 	0 	0 	0 	1 	0 	1.00306 	1 	0 	0 	-18199.4 	
270.581 	291.127 	1.00256e+22 	0 	0 	0 	0 	1 	0 	1.00306 	1 	0 	0 	-18605.1 	
274.392 	291.127 	1.0312e+22 	0 	0 	0 	0 	1 	0 	1.00306 	1 	0 	0 	-19010.2 	
278.203 	291.127 	1.06025e+22 	0 	0 	0 	0 	1 	0 	1.00306 	1 	0 	0 	-19414.3 	
282.014 	291.127 	1.0897e+22 	0 	0 	0 	0 	1 	0 	1.00306 	1 	0 	0 	-19817.2 	
285.825 	291.127 	1.11955e+22 	0 	0 	0 	0 	1 	0 	1.00306 	1 	0 	0 	-20218.7 	
289.636 	291.127 	1.14981e+22 	0 	0 	0 	0 	1 	0 	1.00306 	1 	0 	0 	-20618.5 	
293.447 	291.127 	1.18047e+22 	0 	0 	0 	0 	1 	0 	1.00306 	1 	0 	0 	-21016.4 	
297.258 	291.127 	1.21153e+22 	0 	0 	0 	0 	1 	0 	1.00306 	1 	0 	0 	-21412.2 	
301.069 	291.127 	1.243e+22 	0 	0 	0 	0 	1 	0 	1.00306 	1 	0 	0 	-21805.6 	
304.88 	291.127 	1.27487e+22 	0 	0 	0 	0 	1 	0 	1.00306 	1 	0 	0 	-22196.5 	
308.691 	291.127 	1.30714e+22 	0 	0 	0 	0 	1 	0 	1.00306 	1 	0 	0 	-22584.4 	
312.502 	291.127 	1.33982e+22 	0 	0 	0 	0 	1 	0 	1.00306 	1 	0 	0 	-22969.3 	
316.313 	291.127 	1.3729e+22 	0 	0 	0 	0 	1 	0 	1.00306 	1 	0 	0 	-23350.9 	
320.124 	291.127 	1.40638e+22 	0 	0 	0 	0 	1 	0 	1.00306 	1 	0 	0 	-23728.9 	
323.935 	291.127 	1.44027e+22 	0 	0 	0 	0 	1 	0 	1.00306 	1 	0 	0 	-24103.1 	
327.746 	291.127 	1.47456e+22 	0 	0 	0 	0 	1 	0 	1.00306 	1 	0 	0 	-24473.4 	
331.557 	291.127 	1.50925e+22 	0 	0 	0 	0 	1 	0 	1.00306 	1 	0 	0 	-24839.4 	
335.368 	291.127 	1.54435e+22 	0 	0 	0 	0 	1 	0 	1.00306 	1 	0 	0 	-25200.9 	
339.179 	291.127 	1.57985e+22 	0 	0 	0 	0 	1 	0 	1.00306 	1 	0 	0 	-25557.7 	
342.99 	291.127 	1.61575e+22 	0 	0 	0 	0 	1 	0 	1.00306 	1 	0 	0 	-25909.6 	
346.801 	291.127 	1.65206e+22 	0 	0 	0 	0 	1 	0 	1.00306 	1 	0 	0 	-26256.3 	
350.612 	291.127 	1.68877e+22 	0 	0 	0 	0 	1 	0 	1.00306 	1 	0 	0 	-26597.7 	
354.423 	291.127 	1.72589e+22 	0 	0 	0 	0 	1 	0 	1.00306 	1 	0 	0 	-26933.5 	
358.234 	291.127 	1.76341e+22 	0 	0 	0 	0 	1 	0 	1.00306 	1 	0 	0 	-27263.5 	
362.045 	291.127 	1.80133e+22 	0 	0 	0 	0 	1 	0 	1.00306 	1 	0 	0 	-27587.4 	
365.856 	291.127 	1.83965e+22 	0 	0 	0 	0 	1 	0 	1.00306 	1 	0 	0 	-27905.1 	
369.667 	291.127 	1.87838e+22 	0 	0 	0 	0 	1 	0 	1.00306 	1 	0 	0 	-28216.4 	
373.478 	291.127 	1.91751e+22 	0 	0 	0 	0 	1 	0 	1.00306 	1 	0 	0 	-28521 	
377.289 	291.127 	1.95705e+22 	0 	0 	0 	0 	1 	0 	1.00306 	1 	0 	0 	-28818.8 	
381.1 	291.127 	1.99698e+22 	0 	0 	0 	0 	1 	0 	1.00306 	1 	0 	0 	-29109.5 	
384.911 	291.127 	2.03733e+22 	0 	0 	0 	0 	1 	0 	1.00306 	1 	0 	0 	-29393 	
388.722 	291.127 	2.07807e+22 	0 	0 	0 	0 	1 	0 	1.00306 	1 	0 	0 	-29669 	
392.533 	291.127 	2.11922e+22 	0 	0 	0 	0 	1 	0 	1.00306 	1 	0 	0 	-29937.3 	
396.344 	291.127 	2.16077e+22 	0 	0 	0 	0 	1 	0 	1.00306 	1 	0 	0 	-30197.9 	
400.155 	291.127 	2.20273e+22 	0 	0 	0 	0 	1 	0 	1.00306 	1 	0 	0 	-30450.4 	
403.966 	291.127 	2.24509e+22 	0 	0 	0 	0 	1 	0 	1.00306 	1 	0 	0 	-30694.8 	
407.777 	291.127 	2.28785e+22 	0 	0 	0 	0 	1 	0 	1.00306 	1 	0 	0 	-30930.8 	
411.588 	291.127 	2.33101e+22 	0 	0 	0 	0 	1 	0 	1.00306 	1 	0 	0 	-31158.3 	
415.399 	290.49 	2.37458e+22 	0 	0 	0 	0 	1 	0 	1.00306 	1 	0 	0 	-30365.1 	
419.21 	274.413 	2.11874e+22 	2.60938e+19 	0 	9.0938e+20 	3.70127e+19 	1 	0 	400 	1 	0 	0 	-2.6384e+09 	
423.021 	259.403 	0 	5.48518e+21 	0 	2.19968e+21 	3.04057e+20 	1 	0 	400 	1 	0 	0 	-902.511 	
426.832 	258.97 	0 	5.6245e+21 	0 	2.20008e+21 	3.09585e+20 	1 	0 	400 	1 	0 	0 	-931.066 	
430.643 	258.967 	0 	5.72613e+21 	0 	2.23943e+21 	3.15163e+20 	1 	0 	400 	1 	0 	0 	-936.716 	
434.454 	258.967 	0 	5.82838e+21 	0 	2.27941e+21 	3.20791e+20 	1 	0 	400 	1 	0 	0 	-840.268 	
438.265 	258.967 	0 	5.93153e+21 	0 	2.31976e+21 	3.26469e+20 	1 	0 	400 	1 	0 	0 	-888.444 	
442.076 	258.967 	0 	6.03559e+21 	0 	2.36045e+21 	3.32196e+20 	1 	0 	400 	1 	0 	0 	-951.491 	
445.887 	258.967 	0 	6.14056e+21 	0 	2.4015e+21 	3.37973e+20 	1 	0 	400 	1 	0 	0 	-878.886 	
449.698 	258.967 	0 	6.24643e+21 	0 	2.44291e+21 	3.438e+20 	1 	0 	400 	1 	0 	0 	-823.175 	
453.509 	258.967 	0 	6.3532e+21 	0 	2.48467e+21 	3.49677e+20 	1 	0 	400 	1 	0 	0 	-939.266 	
457.32 	258.967 	0 	6.46088e+21 	0 	2.52678e+21 	3.55604e+20 	1 	0 	400 	1 	0 	0 	-946.538 	
461.131 	258.967 	0 	6.56946e+21 	0 	2.56924e+21 	3.6158e+20 	1 	0 	400 	1 	0 	0 	-931.011 	
464.942 	258.967 	0 	6.67895e+21 	0 	2.61207e+21 	3.67606e+20 	1 	0 	400 	1 	0 	0 	-773.439 	
468.753 	258.968 	0 	6.78926e+21 	0 	2.65532e+21 	3.73682e+20 	1 	0 	400 	1 	0 	0 	-980.659 	
472.564 	258.967 	0 	6.90072e+21 	0 	2.69869e+21 	3.79808e+20 	1 	0 	400 	1 	0 	0 	-1186.09 	
476.375 	258.967 	0 	7.01286e+21 	0 	2.74263e+21 	3.85984e+20 	1 	0 	400 	1 	0 	0 	-1107.38 	
480.186 	258.967 	0 	7.12595e+21 	0 	2.78688e+21 	3.92209e+20 	1 	0 	400 	1 	0 	0 	-847.929 	
483.997 	258.967 	0 	7.23997e+21 	0 	2.83147e+21 	3.98484e+20 	1 	0 	400 	1 	0 	0 	-936.511 	
487.808 	258.967 	0 	7.35488e+21 	0 	2.87641e+21 	4.04809e+20 	1 	0 	400 	1 	0 	0 	-841.956 	
491.619 	258.967 	0 	7.47071e+21 	0 	2.92171e+21 	4.11184e+20 	1 	0 	400 	1 	0 	0 	-1345.24 	
495.43 	258.967 	0 	7.58743e+21 	0 	2.96736e+21 	4.17609e+20 	1 	0 	400 	1 	0 	0 	-726.579 	
499.241 	258.967 	0 	7.70507e+21 	0 	3.01337e+21 	4.24083e+20 	1 	0 	400 	1 	0 	0 	-1427.2 	
503.052 	258.967 	0 	7.8236e+21 	0 	3.05972e+21 	4.30607e+20 	1 	0 	400 	1 	0 	0 	-1825.53 	
506.863 	258.967 	0 	7.94305e+21 	0 	3.10644e+21 	4.37181e+20 	1 	0 	400 	1 	0 	0 	-1002.62 	
510.674 	258.967 	0 	8.06339e+21 	0 	3.1535e+21 	4.43805e+20 	1 	0 	400 	1 	0 	0 	-480.895 	
514.485 	258.967 	0 	8.18464e+21 	0 	3.20092e+21 	4.50479e+20 	1 	0 	400 	1 	0 	0 	-1359.66 	
518.296 	258.967 	0 	8.3068e+21 	0 	3.2487e+21 	4.57202e+20 	1 	0 	400 	1 	0 	0 	-1604.54 	
522.107 	258.967 	0 	8.42986e+21 	0 	3.29682e+21 	4.63976e+20 	1 	0 	400 	1 	0 	0 	-1014.35 	
525.918 	258.967 	0 	8.55383e+21 	0 	3.34531e+21 	4.70799e+20 	1 	0 	400 	1 	0 	0 	-828.276 	
529.729 	258.967 	0 	8.6787e+21 	0 	3.39414e+21 	4.77672e+20 	1 	0 	400 	1 	0 	0 	-712.971 	
533.54 	258.967 	0 	8.80448e+21 	0 	3.44333e+21 	4.84594e+20 	1 	0 	400 	1 	0 	0 	-1614.47 	
537.351 	258.967 	0 	8.93116e+21 	0 	3.49288e+21 	4.91567e+20 	1 	0 	400 	1 	0 	0 	-193.906 	
541.162 	258.967 	0 	9.05874e+21 	0 	3.54277e+21 	4.98589e+20 	1 	0 	400 	1 	0 	0 	-1651.99 	
544.973 	258.967 	0 	9.18723e+21 	0 	3.59302e+21 	5.05661e+20 	1 	0 	400 	1 	0 	0 	349.536 	
548.784 	258.99 	0 	9.31331e+21 	0 	3.64695e+21 	5.12783e+20 	1 	0 	400 	1 	0 	0 	-638.918 	
552.595 	261.052 	0 	9.64541e+21 	0 	3.54992e+21 	4.56035e+20 	1 	0 	0.64885 	1 	0 	0 	-1109.33 	
556.406 	271.983 	0 	1.03827e+22 	0 	3.3851e+21 	0 	1 	0 	2.08469 	1 	0 	0 	-3.54474e+07 	
560.217 	271.984 	0 	1.05258e+22 	0 	3.43196e+21 	0 	1 	0 	2.08469 	1 	0 	0 	-3.4178e+07 	
564.028 	271.984 	0 	1.06699e+22 	0 	3.47903e+21 	0 	1 	0 	2.08468 	1 	0 	0 	-3.59473e+07 	
567.839 	271.984 	0 	1.08151e+22 	0 	3.52637e+21 	0 	1 	0 	2.08468 	1 	0 	0 	-3.78338e+07 	
571.65 	271.984 	0 	1.09612e+22 	0 	3.57402e+21 	0 	1 	0 	2.08468 	1 	0 	0 	-3.9845e+07 	
575.461 	271.984 	0 	1.11084e+22 	0 	3.62199e+21 	0 	1 	0 	2.08468 	1 	0 	0 	-4.199e+07 	
579.272 	271.984 	0 	1.12565e+22 	0 	3.67029e+21 	0 	1 	0 	2.08468 	1 	0 	0 	-4.4286e+07 	
583.083 	271.984 	0 	1.14056e+22 	0 	3.7189e+21 	0 	1 	0 	2.08468 	1 	0 	0 	-4.67441e+07 	
586.894 	271.984 	0 	1.15556e+22 	0 	3.76783e+21 	0 	1 	0 	2.08468 	1 	0 	0 	-4.93822e+07 	
590.705 	271.984 	0 	1.17067e+22 	0 	3.81708e+21 	0 	1 	0 	2.08468 	1 	0 	0 	-5.22176e+07 	
594.516 	271.984 	0 	1.18587e+22 	0 	3.86665e+21 	0 	1 	0 	2.08468 	1 	0 	0 	-5.52662e+07 	
598.327 	271.984 	0 	1.20117e+22 	0 	3.91655e+21 	0 	1 	0 	2.08468 	1 	0 	0 	-5.85572e+07 	
602.138 	271.984 	0 	1.21657e+22 	0 	3.96676e+21 	0 	1 	0 	2.08468 	1 	0 	0 	-6.21119e+07 	
605.949 	271.984 	0 	1.23207e+22 	0 	4.01729e+21 	0 	1 	0 	2.08468 	1 	0 	0 	-6.59612e+07 	
609.76 	271.984 	0 	1.24766e+22 	0 	4.06814e+21 	0 	1 	0 	2.08468 	1 	0 	0 	-7.01351e+07 	
613.571 	271.984 	0 	1.26336e+22 	0 	4.11931e+21 	0 	1 	0 	2.08468 	1 	0 	0 	-7.46713e+07 	
617.382 	271.984 	0 	1.27915e+22 	0 	4.1708e+21 	0 	1 	0 	2.08468 	1 	0 	0 	-7.96194e+07 	
621.193 	271.984 	0 	1.29504e+22 	0 	4.22261e+21 	0 	1 	0 	2.08468 	1 	0 	0 	-8.50253e+07 	
625.004 	271.984 	0 	1.31103e+22 	0 	4.27474e+21 	0 	1 	0 	2.08468 	1 	0 	0 	-9.0949e+07 	
628.815 	271.984 	0 	1.32711e+22 	0 	4.32719e+21 	0 	1 	0 	2.08468 	1 	0 	0 	-9.74561e+07 	
632.626 	271.984 	0 	1.3433e+22 	0 	4.37996e+21 	0 	1 	0 	2.08468 	1 	0 	0 	-1.04623e+08 	
636.437 	271.984 	0 	1.35958e+22 	0 	4.43305e+21 	0 	1 	0 	2.08468 	1 	0 	0 	-1.12548e+08 	
640.248 	271.984 	0 	1.37596e+22 	0 	4.48646e+21 	0 	1 	0 	2.08468 	1 	0 	0 	-1.21342e+08 	
644.059 	271.984 	0 	1.39244e+22 	0 	4.54019e+21 	0 	1 	0 	2.08468 	1 	0 	0 	-1.31126e+08 	
647.87 	271.984 	0 	1.40902e+22 	0 	4.59424e+21 	0 	1 	0 	2.08468 	1 	0 	0 	-1.42056e+08 	
651.681 	271.984 	0 	1.42569e+22 	0 	4.64861e+21 	0 	1 	0 	2.08468 	1 	0 	0 	-1.54319e+08 	
655.492 	271.984 	0 	1.44246e+22 	0 	4.7033e+21 	0 	1 	0 	2.08468 	1 	0 	0 	-1.68137e+08 	
659.303 	271.984 	0 	1.45933e+22 	0 	4.75831e+21 	0 	1 	0 	2.08468 	1 	0 	0 	-1.83772e+08 	
663.114 	271.984 	0 	1.4763e+22 	0 	4.81364e+21 	0 	1 	0 	2.08468 	1 	0 	0 	-2.01562e+08 	
666.925 	271.984 	0 	1.49337e+22 	0 	4.86928e+21 	0 	1 	0 	2.08468 	1 	0 	0 	-2.21917e+08 	
670.736 	271.984 	0 	1.51053e+22 	0 	4.92525e+21 	0 	1 	0 	2.08468 	1 	0 	0 	-2.45332e+08 	
674.547 	271.984 	0 	1.5278e+22 	0 	4.98154e+21 	0 	1 	0 	2.08468 	1 	0 	0 	-2.72433e+08 	
678.358 	271.984 	0 	1.54516e+22 	0 	5.03815e+21 	0 	1 	0 	2.08468 	1 	0 	0 	-3.04027e+08 	
682.169 	271.984 	0 	1.56262e+22 	0 	5.09508e+21 	0 	1 	0 	2.08468 	1 	0 	0 	-3.41128e+08 	
685.98 	271.984 	0 	1.58017e+22 	0 	5.15232e+21 	0 	1 	0 	2.08468 	1 	0 	0 	-3.85063e+08 	
689.791 	271.984 	0 	1.59783e+22 	0 	5.20989e+21 	0 	1 	0 	2.08468 	1 	0 	0 	-4.3754e+08 	
693.602 	271.984 	0 	1.61558e+22 	0 	5.26778e+21 	0 	1 	0 	2.08468 	1 	0 	0 	-5.00849e+08 	
697.413 	271.984 	0 	1.63343e+22 	0 	5.32598e+21 	0 	1 	0 	2.08468 	1 	0 	0 	-5.78061e+08 	
701.224 	271.984 	0 	1.65138e+22 	0 	5.38451e+21 	0 	1 	0 	2.08468 	1 	0 	0 	-6.73382e+08 	
705.035 	271.984 	0 	1.66943e+22 	0 	5.44336e+21 	0 	1 	0 	2.08468 	1 	0 	0 	-7.92671e+08 	
708.846 	271.984 	0 	1.68758e+22 	0 	5.50252e+21 	0 	1 	0 	2.08468 	1 	0 	0 	-9.44258e+08 	
712.657 	271.984 	0 	1.70583e+22 	0 	5.56196e+21 	0 	1 	0 	2.08468 	1 	0 	0 	-1.14027e+09 	
716.468 	271.984 	0 	1.72417e+22 	0 	5.62176e+21 	0 	1 	0 	2.08468 	1 	0 	0 	-1.39884e+09 	
720.279 	271.984 	0 	1.74261e+22 	0 	5.68189e+21 	0 	1 	0 	2.08468 	1 	0 	0 	-1.74789e+09 	
724.09 	271.984 	0 	1.76115e+22 	0 	5.74233e+21 	0 	1 	0 	2.08468 	1 	0 	0 	-2.23204e+09 	
727.901 	271.984 	0 	1.77978e+22 	0 	5.8031e+21 	0 	1 	0 	2.08468 	1 	0 	0 	-2.92548e+09 	
731.712 	271.984 	0 	1.79852e+22 	0 	5.86418e+21 	0 	1 	0 	2.08468 	1 	0 	0 	-3.95799e+09 	
735.523 	271.984 	0 	1.81735e+22 	0 	5.92559e+21 	0 	1 	0 	2.08468 	1 	0 	0 	-5.57051e+09 	
739.334 	271.984 	0 	1.83628e+22 	0 	5.98731e+21 	0 	1 	0 	2.08468 	1 	0 	0 	-8.24544e+09 	
743.145 	271.984 	0 	1.85531e+22 	0 	6.04936e+21 	0 	1 	0 	2.08468 	1 	0 	0 	-1.30456e+10 	
746.956 	271.984 	0 	1.87444e+22 	0 	6.11166e+21 	0 	1 	0 	2.08468 	1 	0 	0 	-2.26307e+10 	
750.767 	271.984 	0 	1.89368e+22 	0 	6.17423e+21 	0 	1 	0 	2.08468 	1 	0 	0 	-4.49617e+10 	
754.578 	271.983 	0 	1.91303e+22 	0 	6.23694e+21 	0 	1 	0 	2.08468 	1 	0 	0 	-1.11316e+11 	
758.389 	271.983 	0 	1.93295e+22 	0 	6.29532e+21 	0 	1 	0 	2.08468 	1 	0 	0 	-4.19861e+11 	
770.947 	72 	1.35137e+22 	2.08891e+22 	6.71674e+20 	0 	0 	1 	0 	0 	1 	0.7 	0 	-3.90368e+11 	
